,dec temp,habitual tendency,subject
0,4.699428,0.41788805,0
1,1.1351346,0.5748653,1
2,0.44884562,0.6179822,2
3,1.7421068,0.90225184,3
4,0.09748976,0.16518418,4
5,1.3140311,0.11042887,5
6,2.6926396,0.72047085,6
7,4.71443,0.20908393,7
8,3.9576535,0.73719513,8
9,1.3088697,0.39681444,9
10,4.5387945,0.5060843,0
11,1.8098456,0.62655455,1
12,0.7924918,0.4021172,2
13,2.917379,0.46724513,3
14,0.12093086,0.15991357,4
15,1.2531902,0.9781594,5
16,3.3609376,0.8207425,6
17,5.92354,0.35121545,7
18,2.0860136,0.7385587,8
19,1.1408937,0.6318555,9
20,5.0401773,0.13237552,0
21,3.605493,0.083448574,1
22,0.5507558,0.18236443,2
23,3.2657628,0.48391938,3
24,0.24195531,0.31201282,4
25,1.3325232,0.41474044,5
26,1.736248,0.63873386,6
27,2.4101713,0.52113473,7
28,2.0264797,0.6283739,8
29,2.045748,0.18531144,9
30,4.2089586,0.4285963,0
31,1.8128793,0.8212835,1
32,0.82681185,0.06364217,2
33,1.9360601,0.40185696,3
34,0.18029003,0.44143626,4
35,1.3613201,0.83536893,5
36,1.6793444,0.2895873,6
37,3.2184482,0.28811067,7
38,3.6305213,0.40342033,8
39,1.2019538,0.359225,9
40,3.8323836,0.5268995,0
41,2.2396147,0.71667856,1
42,0.26071575,0.80394983,2
43,5.569889,0.091712676,3
44,0.2301907,0.55180305,4
45,1.595192,0.51178956,5
46,1.843579,0.6529292,6
47,4.1860003,0.26460782,7
48,2.503059,0.44353187,8
49,2.1631887,0.21446009,9
50,3.5300922,0.44634402,0
51,2.444842,0.53039885,1
52,0.38380992,0.121826485,2
53,2.559506,0.51484275,3
54,0.33396614,0.8402417,4
55,1.3569462,0.49196285,5
56,1.9226433,0.25472826,6
57,5.1747136,0.030541291,7
58,1.4668876,0.6762096,8
59,2.1341953,0.62984186,9
60,3.1811187,0.9514383,0
61,2.2430303,0.3944229,1
62,0.46673778,0.7444378,2
63,3.7761285,0.9102335,3
64,0.3015318,0.7331188,4
65,2.2772422,0.1558291,5
66,1.059515,0.525105,6
67,3.7814786,0.043300446,7
68,3.0828595,0.74639106,8
69,1.3746601,0.65850323,9
70,5.084119,0.6627574,0
71,3.3828213,0.27098146,1
72,0.42568266,0.8290255,2
73,1.163741,0.6643871,3
74,0.36240375,0.5324006,4
75,1.3627999,0.2973043,5
76,2.4931006,0.36609843,6
77,6.227482,0.17093712,7
78,2.333117,0.3479209,8
79,1.1288443,0.7732108,9
80,4.4614625,0.7596025,0
81,2.457985,0.29231545,1
82,0.41918305,0.5714254,2
83,3.410869,0.17720807,3
84,0.099772476,0.5004393,4
85,1.5209538,0.13540028,5
86,3.9551127,0.73936206,6
87,4.134607,0.047853023,7
88,3.312199,0.47808275,8
89,3.0064692,0.3197499,9
90,2.8489304,0.7180493,0
91,3.2340095,0.31141838,1
92,0.5806949,0.3344769,2
93,4.371903,0.06910221,3
94,0.23196854,0.47402844,4
95,1.1695126,0.84485036,5
96,1.4760613,0.72106034,6
97,3.9593828,0.024716625,7
98,2.558737,0.7056742,8
99,2.2266498,0.12747103,9
100,4.1308036,0.6795138,0
101,2.621021,0.6721301,1
102,0.44737047,0.40776047,2
103,5.862208,0.76826036,3
104,0.20239228,0.3769919,4
105,1.939347,0.47332633,5
106,2.1358702,0.8664466,6
107,4.896211,0.27356446,7
108,1.6311281,0.4288965,8
109,1.3926613,0.3149785,9
110,3.2056382,0.6886941,0
111,1.7378045,0.7171463,1
112,0.44657752,0.59786093,2
113,3.6261826,0.3845855,3
114,0.4914949,0.86125356,4
115,1.5846529,0.1936259,5
116,2.1857433,0.83542097,6
117,2.0072076,0.2819431,7
118,2.9729023,0.28007618,8
119,1.539943,0.76876146,9
120,7.7193446,0.2881552,0
121,2.5636518,0.41233644,1
122,0.5486795,0.28209284,2
123,3.4405491,0.2318619,3
124,0.18232107,0.59725946,4
125,0.9518462,0.28080222,5
126,2.0311108,0.43225175,6
127,5.259051,0.034440193,7
128,2.711442,0.49093267,8
129,1.4965008,0.8282278,9
130,7.0254354,0.48891687,0
131,3.5490024,0.052169934,1
132,0.43784693,0.41138,2
133,4.8139067,0.27231315,3
134,0.26155806,0.55885285,4
135,1.3922979,0.8682367,5
136,3.7750242,0.15157293,6
137,3.8854482,0.24566595,7
138,2.2905128,0.6605734,8
139,1.9494575,0.11754396,9
140,3.2303784,0.5806105,0
141,2.325245,0.78299725,1
142,0.71155477,0.25473946,2
143,2.256781,0.49266362,3
144,0.13009329,0.044097044,4
145,1.3154496,0.46468216,5
146,2.114615,0.8902117,6
147,4.937754,0.051797457,7
148,2.4735866,0.49666217,8
149,1.0220468,0.39299026,9
150,4.646529,0.5942522,0
151,1.093148,0.9162043,1
152,0.3307383,0.82259697,2
153,3.5099397,0.48795363,3
154,0.3695592,0.79905814,4
155,1.4071946,0.6313531,5
156,2.3413892,0.8375428,6
157,6.269125,0.24850163,7
158,3.1716413,0.5776662,8
159,2.0338156,0.2221265,9
160,5.740946,0.8577164,0
161,1.9448496,0.5441385,1
162,0.37160757,0.7226524,2
163,3.5845132,0.7636621,3
164,0.17341974,0.50638765,4
165,1.4869076,0.17275935,5
166,2.5307317,0.82708794,6
167,1.6108086,0.5280903,7
168,3.1536832,0.68111014,8
169,2.645506,0.079601645,9
170,6.8356247,0.48437396,0
171,1.3323063,0.9344122,1
172,0.61001897,0.32646155,2
173,3.8238642,0.7730209,3
174,0.116852306,0.34883586,4
175,1.4258164,0.67024976,5
176,1.5120381,0.758948,6
177,2.2068903,0.3985655,7
178,1.6969012,0.57475203,8
179,2.2346714,0.4694561,9
180,3.58726,0.35799998,0
181,3.3374195,0.22635867,1
182,0.3268714,0.6418697,2
183,4.8530583,0.79170823,3
184,0.20753309,0.6898696,4
185,0.91992855,0.89014,5
186,2.2390807,0.3959239,6
187,6.2993245,0.024934502,7
188,4.0636196,0.60004115,8
189,1.8187661,0.1710566,9
190,5.219474,0.19745687,0
191,2.4174223,0.20417523,1
192,0.5726355,0.27483478,2
193,1.9037294,0.6149357,3
194,0.1782812,0.846797,4
195,1.9235246,0.64464647,5
196,1.452166,0.46704468,6
197,2.3844724,0.19786352,7
198,2.7744842,0.44320077,8
199,1.29649,0.31641865,9
200,5.2175374,0.21102677,0
201,1.2601461,0.6706234,1
202,0.49928433,0.3791597,2
203,1.9008493,0.18258448,3
204,0.14526251,0.48247513,4
205,1.4408946,0.213986,5
206,1.1847032,0.95890164,6
207,3.577376,0.47821644,7
208,1.7138176,0.59486985,8
209,1.4887108,0.4319204,9
210,2.8863647,0.31465495,0
211,4.042913,0.12096148,1
212,0.34659678,0.55333847,2
213,4.003739,0.410917,3
214,0.1194394,0.2840985,4
215,1.2271478,0.3402569,5
216,1.1898372,0.7862099,6
217,4.250065,0.66716444,7
218,1.6612248,0.8670297,8
219,1.1496869,0.20849952,9
220,3.0347645,0.8708978,0
221,2.3380878,0.489231,1
222,0.61477745,0.11933298,2
223,4.3330774,0.20237865,3
224,0.14305878,0.7224767,4
225,1.4368993,0.47656718,5
226,2.4680223,0.27337095,6
227,3.5200377,0.55058324,7
228,2.5435898,0.79988974,8
229,1.2653792,0.17705886,9
230,3.6361165,0.74661,0
231,1.6038979,0.8127408,1
232,0.4912695,0.55054086,2
233,4.0863733,0.063303605,3
234,0.121368915,0.4157083,4
235,1.2467353,0.17433724,5
236,1.9824982,0.83440584,6
237,1.7901249,0.19044293,7
238,1.4436109,0.7201531,8
239,1.9390912,0.19239683,9
240,4.94132,0.36521706,0
241,2.1750615,0.3633927,1
242,0.56419086,0.15265577,2
243,3.7745047,0.59410733,3
244,0.18772894,0.45000267,4
245,1.4080161,0.8319615,5
246,1.3937638,0.79555386,6
247,3.07956,0.44458067,7
248,2.256957,0.7856347,8
249,1.8122764,0.30048364,9
250,5.018666,0.17161039,0
251,3.5774164,0.118956126,1
252,0.40877149,0.43546665,2
253,1.6103817,0.518537,3
254,0.18305047,0.43988538,4
255,1.0473245,0.5354261,5
256,2.0382137,0.85309374,6
257,4.5505304,0.22812498,7
258,1.6647393,0.74307567,8
259,1.8169278,0.054462206,9
260,2.3165312,0.9767469,0
261,2.6702526,0.52856517,1
262,0.8648615,0.091770835,2
263,3.306126,0.50689685,3
264,0.18188925,0.5274728,4
265,1.4525682,0.5081721,5
266,2.9565427,0.7583223,6
267,5.6116967,0.15253396,7
268,4.5886226,0.30423215,8
269,1.3691432,0.6120862,9
270,4.2008295,0.03940682,0
271,2.2784326,0.25078958,1
272,0.33306673,0.5587464,2
273,4.940291,0.5095929,3
274,0.13623226,0.5856755,4
275,1.3431909,0.6584267,5
276,2.302303,0.5082108,6
277,1.4268281,0.48440808,7
278,2.0985813,0.62170905,8
279,1.5091895,0.37760812,9
280,4.5547338,0.650989,0
281,1.7623173,0.5504901,1
282,0.44526702,0.5317887,2
283,3.7673292,0.84567505,3
284,0.3451324,0.8789006,4
285,1.4918168,0.24083796,5
286,3.3502994,0.67037714,6
287,3.4626997,0.5858824,7
288,2.4315262,0.17850214,8
289,2.1483138,0.0765263,9
290,4.5808077,0.9263951,0
291,1.2744356,0.3469404,1
292,0.37426308,0.81533355,2
293,3.7144687,0.572562,3
294,0.19108655,0.61347985,4
295,1.7330418,0.5735008,5
296,1.167972,0.7748873,6
297,4.127514,0.19343203,7
298,1.975258,0.49911857,8
299,2.2244456,0.6351071,9
300,2.6628647,0.88502,0
301,2.0892355,0.56312656,1
302,0.38584197,0.31230783,2
303,4.690907,0.4703112,3
304,0.17245322,0.7933051,4
305,1.3766884,0.5909233,5
306,2.147411,0.5088942,6
307,3.3577087,0.09064831,7
308,3.215623,0.6934558,8
309,0.99723214,0.766291,9
310,6.6639223,0.67531955,0
311,1.6789442,0.5304268,1
312,0.60338306,0.24477237,2
313,3.0500088,0.7388791,3
314,0.2167952,0.32700312,4
315,1.3448168,0.26447633,5
316,2.0968049,0.4242567,6
317,1.958939,0.18044537,7
318,2.4800968,0.42042014,8
319,1.2977674,0.44669068,9
320,7.3535867,0.19181368,0
321,2.6876736,0.24923453,1
322,0.8585861,0.26334193,2
323,2.8825183,0.50186515,3
324,0.27066538,0.93907976,4
325,1.5603601,0.5162156,5
326,1.6081302,0.85505223,6
327,2.7422621,0.20007864,7
328,2.2172906,0.82381505,8
329,1.7357259,0.65016127,9
330,4.7574706,0.2882853,0
331,2.77807,0.37883848,1
332,0.52184355,0.38100368,2
333,4.444918,0.10405612,3
334,0.15799761,0.88767457,4
335,1.4755785,0.7018251,5
336,2.3151605,0.64599377,6
337,4.5027337,0.70374155,7
338,2.8850737,0.89865005,8
339,1.51165,0.5736762,9
340,4.147971,0.7197911,0
341,2.4139545,0.24602996,1
342,0.50443786,0.54049695,2
343,1.5396538,0.76549345,3
344,0.19216,0.53590417,4
345,1.8381621,0.07122724,5
346,2.2876964,0.31048465,6
347,3.2220316,0.058404945,7
348,2.3416064,0.10682653,8
349,1.1912829,0.10277345,9
350,4.9748344,0.79415554,0
351,2.5178955,0.12907088,1
352,0.45029578,0.7843273,2
353,3.502424,0.85127574,3
354,0.25622058,0.94635576,4
355,1.4293348,0.56563956,5
356,1.0734563,0.18885043,6
357,2.2983792,0.12083076,7
358,4.2326612,0.42077148,8
359,1.1453714,0.13833843,9
360,4.983836,0.73296356,0
361,1.8335834,0.36373866,1
362,0.56611663,0.29972568,2
363,2.5998685,0.8079459,3
364,0.17149635,0.45356947,4
365,2.238377,0.5489163,5
366,1.8295333,0.5484014,6
367,5.2747245,0.32084557,7
368,2.6784077,0.28013578,8
369,1.2239428,0.3551196,9
370,6.5995736,0.5021606,0
371,1.79771,0.84593546,1
372,0.46085095,0.5196344,2
373,3.0254767,0.47268316,3
374,0.114323735,0.19963406,4
375,1.7270826,0.08985135,5
376,1.57689,0.9052342,6
377,2.4110084,0.8433539,7
378,1.1317275,0.8341681,8
379,1.2265269,0.93348145,9
380,2.9463835,0.6117945,0
381,1.9330536,0.5239624,1
382,0.56651497,0.4781816,2
383,1.9181736,0.8223824,3
384,0.26701698,0.4722749,4
385,1.3546938,0.8643437,5
386,3.0073438,0.85998046,6
387,5.2511697,0.06980042,7
388,1.525513,0.7308703,8
389,1.1024468,0.81256807,9
390,6.2704706,0.31437913,0
391,2.5144892,0.23074523,1
392,0.5091608,0.28755477,2
393,3.8363438,0.37493917,3
394,0.11277498,0.43480733,4
395,1.6179309,0.59686553,5
396,2.6949959,0.89038897,6
397,4.012487,0.5199579,7
398,2.3722854,0.78742754,8
399,2.6118019,0.10897141,9
400,2.995842,0.42190367,0
401,3.1121278,0.33409724,1
402,0.60186905,0.5917221,2
403,3.5382736,0.2861391,3
404,0.112718,0.61437345,4
405,1.0300448,0.23765178,5
406,2.7240105,0.5158788,6
407,3.7331154,0.08105167,7
408,3.0447218,0.3442426,8
409,1.0318952,0.29693034,9
410,5.4350624,0.04541407,0
411,1.3501883,0.600994,1
412,0.7170069,0.26312202,2
413,4.0969563,0.5414955,3
414,0.103863046,0.44737735,4
415,1.8394102,0.7153117,5
416,1.9143114,0.74028635,6
417,0.85928595,0.6375994,7
418,3.1576114,0.6248519,8
419,2.0479805,0.15402257,9
420,3.5938513,0.71295303,0
421,3.0728965,0.16525386,1
422,0.43341047,0.75737405,2
423,3.391206,0.25179288,3
424,0.37042055,0.74724907,4
425,1.8260908,0.20233187,5
426,1.5811882,0.5947874,6
427,4.924656,0.11841775,7
428,2.2775238,0.24673103,8
429,1.3157068,0.46919936,9
430,4.4034843,0.59132856,0
431,2.3219056,0.6534227,1
432,0.60513127,0.3985068,2
433,2.4314218,0.2131369,3
434,0.19189066,0.18060374,4
435,2.0370739,0.34772655,5
436,2.9019043,0.5824203,6
437,5.36975,0.5044605,7
438,2.0248353,0.7703332,8
439,1.841289,0.16148601,9
440,2.0185454,0.8897224,0
441,2.6332834,0.0710958,1
442,0.57878906,0.46709803,2
443,2.5216403,0.16796556,3
444,0.33672664,0.79162693,4
445,1.6869094,0.20889625,5
446,1.1713766,0.53311384,6
447,3.4950805,0.5560487,7
448,2.8274057,0.8835722,8
449,1.6978794,0.6831249,9
450,5.4941945,0.62837213,0
451,2.0485249,0.35289732,1
452,0.6274089,0.40647668,2
453,4.554539,0.9076587,3
454,0.111468256,0.33422205,4
455,0.99383,0.7478662,5
456,4.0143814,0.22778389,6
457,3.7958455,0.19663021,7
458,3.4130273,0.57400566,8
459,1.2001185,0.43248406,9
460,5.5583105,0.23398094,0
461,2.5758119,0.43775976,1
462,0.7713131,0.39385337,2
463,4.5028768,0.48431808,3
464,0.3474988,0.9168517,4
465,1.9120377,0.28233823,5
466,1.4658456,0.13729517,6
467,2.4875443,0.07965233,7
468,2.9234772,0.73963267,8
469,2.1263287,0.44772148,9
470,5.428102,0.6324872,0
471,2.4729521,0.09532327,1
472,0.3476616,0.4645501,2
473,6.9640093,0.41790205,3
474,0.22533071,0.9337831,4
475,1.0753624,0.19742683,5
476,1.6095243,0.6840338,6
477,2.4989846,0.64614755,7
478,3.9908602,0.5301078,8
479,1.573208,0.76425534,9
480,4.5043974,0.7144924,0
481,1.9150536,0.6944722,1
482,0.86159253,0.15302682,2
483,2.6521711,0.20159379,3
484,0.08959721,0.669363,4
485,2.2414703,0.57107854,5
486,2.7534766,0.5645855,6
487,6.229813,0.083586395,7
488,2.4943984,0.38042924,8
489,2.1106317,0.10809909,9
490,3.9164839,0.33472234,0
491,2.5109174,0.28191411,1
492,0.460038,0.44294044,2
493,2.2625957,0.5270783,3
494,0.1571828,0.11477488,4
495,1.2939154,0.5946256,5
496,3.1401885,0.43451366,6
497,3.7252834,0.13741966,7
498,2.5150986,0.22663559,8
499,1.7547817,0.24468362,9
500,4.3470907,0.6654088,0
501,1.6193643,0.31724226,1
502,0.9568543,0.051019914,2
503,4.4045777,0.8510892,3
504,0.14968978,0.32874894,4
505,1.1760265,0.6315014,5
506,2.1123765,0.46154404,6
507,3.9130318,0.17358258,7
508,3.7078464,0.5285244,8
509,1.2775743,0.8019407,9
510,3.175582,0.8013233,0
511,2.0230756,0.7655072,1
512,0.5925984,0.19020474,2
513,2.7697997,0.9088827,3
514,0.3050608,0.75004625,4
515,1.0382463,0.8611848,5
516,2.4880795,0.06395045,6
517,2.3773396,0.10192435,7
518,2.1052754,0.64961374,8
519,1.7035133,0.3141831,9
520,4.671617,0.62074196,0
521,2.4541297,0.18168494,1
522,0.7269898,0.29652843,2
523,3.4255126,0.11257884,3
524,0.21240804,0.50520366,4
525,1.4271272,0.11660411,5
526,1.5037496,0.6301478,6
527,1.9881654,0.08588079,7
528,1.7196848,0.7340168,8
529,1.9989123,0.08544222,9
530,6.4749026,0.30662447,0
531,2.0796976,0.7465284,1
532,0.74398434,0.27552283,2
533,1.6024146,0.6229619,3
534,0.12728518,0.3480885,4
535,1.09459,0.6086121,5
536,1.6267374,0.8898994,6
537,6.118387,0.33946374,7
538,3.234262,0.24837178,8
539,1.1556233,0.34318534,9
540,5.763311,0.25462624,0
541,3.04045,0.18121098,1
542,0.44099665,0.6936221,2
543,3.5316956,0.7552144,3
544,0.3149387,0.61588717,4
545,1.3880259,0.42991138,5
546,1.943761,0.55599934,6
547,7.164114,0.051135812,7
548,1.8835452,0.23695005,8
549,1.0367589,0.8441451,9
550,6.2325263,0.4157745,0
551,2.7494102,0.45844838,1
552,0.2987994,0.519569,2
553,3.1265857,0.79033184,3
554,0.32820195,0.87041634,4
555,1.2014973,0.55453026,5
556,2.1070292,0.899445,6
557,2.3667355,0.37815118,7
558,2.391431,0.33194703,8
559,1.3233023,0.41216153,9
560,5.2936573,0.22959697,0
561,2.0990798,0.78156394,1
562,0.69227815,0.47657865,2
563,3.8650723,0.15271713,3
564,0.23912105,0.73387784,4
565,1.2304088,0.8717048,5
566,2.4489565,0.60762036,6
567,6.3498855,0.16815794,7
568,2.1231375,0.43286425,8
569,1.3036945,0.39367205,9
570,5.0701995,0.6779279,0
571,2.7741292,0.04371066,1
572,0.58918375,0.12522921,2
573,4.009856,0.28621367,3
574,0.40117368,0.9509273,4
575,1.6032265,0.3066949,5
576,3.2766533,0.27493638,6
577,4.4148626,0.16063799,7
578,2.1363056,0.78112316,8
579,1.5251768,0.32995412,9
580,4.748754,0.53278315,0
581,2.136001,0.13856202,1
582,0.5627979,0.17228775,2
583,2.6596591,0.61412054,3
584,0.13318461,0.5367715,4
585,2.3688147,0.32194397,5
586,1.5389936,0.967968,6
587,1.5809726,0.5395646,7
588,2.8354554,0.10408622,8
589,1.0226364,0.31888825,9
590,2.3544235,0.63289464,0
591,2.2874024,0.2439632,1
592,0.5226264,0.31020725,2
593,2.8889198,0.5429413,3
594,0.12656814,0.47912818,4
595,1.170018,0.7624597,5
596,2.2502294,0.55348223,6
597,4.4125566,0.06692417,7
598,1.86229,0.43655142,8
599,2.7792952,0.45760828,9
600,5.300659,0.7668375,0
601,1.230627,0.57595617,1
602,0.37306634,0.440456,2
603,2.701268,0.574169,3
604,0.20130861,0.83730984,4
605,0.84432316,0.60635215,5
606,2.3448796,0.53859967,6
607,5.257142,0.1622342,7
608,3.1903715,0.77720433,8
609,1.164319,0.72509277,9
610,5.147822,0.89079124,0
611,2.8589563,0.34642693,1
612,0.5559283,0.19024001,2
613,1.9979506,0.2815596,3
614,0.16285014,0.27656317,4
615,0.89203143,0.51716757,5
616,1.8544283,0.36205208,6
617,3.9325392,0.2714565,7
618,2.0138142,0.67896885,8
619,1.6750544,0.14559606,9
620,5.2348833,0.15195437,0
621,1.690723,0.6085435,1
622,0.4227066,0.5878131,2
623,3.1245134,0.30491388,3
624,0.23119764,0.3592824,4
625,1.8508689,0.71468914,5
626,3.1808286,0.20019378,6
627,3.0876045,0.06497164,7
628,2.974827,0.33072442,8
629,1.3242478,0.27339068,9
630,7.357395,0.32442695,0
631,2.251455,0.5190567,1
632,0.4153862,0.6172671,2
633,3.3285592,0.76945007,3
634,0.46852943,0.93073535,4
635,1.546516,0.4750216,5
636,1.7729311,0.8452765,6
637,2.4261663,0.40073302,7
638,2.3298955,0.31819376,8
639,1.4708223,0.25631934,9
640,4.6051693,0.3092937,0
641,2.2094882,0.4342104,1
642,0.68503255,0.3737055,2
643,1.2043116,0.7971104,3
644,0.2102512,0.8774075,4
645,1.4567542,0.70121443,5
646,5.2474813,0.14013623,6
647,2.1470773,0.4067169,7
648,1.1837504,0.50045943,8
649,2.1343908,0.28487885,9
650,4.9478345,0.4484887,0
651,2.1989026,0.38034075,1
652,0.5343968,0.38634208,2
653,3.0502057,0.7845541,3
654,0.13772029,0.15169652,4
655,1.8215615,0.1541166,5
656,2.3050914,0.22750251,6
657,4.988982,0.11784576,7
658,3.4795022,0.738511,8
659,1.5853626,0.20423585,9
660,5.9480486,0.7847286,0
661,2.114492,0.4292929,1
662,0.43643966,0.435449,2
663,3.7767553,0.084342696,3
664,0.25180277,0.71646273,4
665,1.3321664,0.45090914,5
666,1.3480848,0.75701904,6
667,2.4089296,0.5355489,7
668,1.7572695,0.20318943,8
669,1.6468467,0.32788178,9
670,7.227073,0.38197327,0
671,2.6056223,0.659823,1
672,0.3040943,0.72564894,2
673,2.7030647,0.23270589,3
674,0.27383435,0.3505557,4
675,1.5762343,0.76869655,5
676,4.248029,0.7225762,6
677,7.6618953,0.065718725,7
678,3.325469,0.6241141,8
679,2.3101492,0.29212803,9
680,5.580407,0.20361663,0
681,3.1847427,0.13948731,1
682,0.73496395,0.11649637,2
683,2.402387,0.26632804,3
684,0.15453994,0.264286,4
685,0.99182993,0.3589503,5
686,2.5682707,0.4824244,6
687,1.4068962,0.45197046,7
688,4.0650115,0.61103594,8
689,1.5789087,0.24075554,9
690,5.8549633,0.5777622,0
691,1.3862426,0.40474007,1
692,0.30144754,0.8815627,2
693,3.1293795,0.34174317,3
694,0.21459885,0.7122142,4
695,1.6937842,0.50985044,5
696,2.2168348,0.6700323,6
697,6.7106366,0.15735586,7
698,3.6599326,0.40916526,8
699,1.3836092,0.66050637,9
700,3.6566231,0.5670854,0
701,4.382672,0.12743637,1
702,0.6697804,0.2764023,2
703,4.7525797,0.38515282,3
704,0.19599396,0.14852265,4
705,2.2409449,0.060783528,5
706,1.342917,0.73862976,6
707,3.1369617,0.8634439,7
708,2.073684,0.5432024,8
709,1.1891595,0.19986385,9
710,6.025145,0.15596999,0
711,2.1950788,0.16184343,1
712,0.6811845,0.33287448,2
713,6.2892685,0.7121721,3
714,0.25275204,0.80711687,4
715,1.8384948,0.83698344,5
716,1.443636,0.32861665,6
717,3.9199247,0.28764406,7
718,2.7787175,0.7530047,8
719,1.9175265,0.39278695,9
720,5.220942,0.5048551,0
721,1.7759073,0.659004,1
722,0.47980326,0.7227427,2
723,0.723415,0.54877084,3
724,0.21499789,0.5828872,4
725,1.1953472,0.29595226,5
726,1.7916892,0.7439054,6
727,1.663813,0.55392134,7
728,4.3273377,0.36489725,8
729,1.5093864,0.72258687,9
730,4.479539,0.6037045,0
731,1.5466619,0.2838216,1
732,0.6809431,0.3501966,2
733,4.377638,0.7649499,3
734,0.26773152,0.86457264,4
735,1.5189351,0.032907955,5
736,3.7438366,0.84271014,6
737,4.265404,0.42898098,7
738,3.1705866,0.52561426,8
739,1.0853466,0.5813035,9
740,7.302323,0.47742254,0
741,1.351625,0.90496445,1
742,0.55484945,0.5092681,2
743,3.7012768,0.2819872,3
744,0.21440832,0.3384841,4
745,1.684737,0.738583,5
746,1.870564,0.7557194,6
747,3.5228431,0.22405377,7
748,1.2692156,0.110194,8
749,1.9467487,0.20489337,9
750,4.206938,0.5668158,0
751,1.4096308,0.35790184,1
752,0.55280066,0.1824278,2
753,4.473496,0.03680379,3
754,0.33013034,0.9277146,4
755,1.3165243,0.6001225,5
756,3.3735943,0.3995086,6
757,3.7198439,0.39236057,7
758,1.7425859,0.19329257,8
759,1.6053905,0.39652336,9
760,4.3736763,0.71066785,0
761,1.3020991,0.734237,1
762,0.43434972,0.13808353,2
763,3.635581,0.08310158,3
764,0.27935606,0.84576195,4
765,1.4691328,0.6010299,5
766,1.5654225,0.81825215,6
767,4.751919,0.13071795,7
768,1.8312314,0.32123506,8
769,1.1470269,0.5756528,9
770,3.573845,0.4838497,0
771,2.127609,0.50635374,1
772,0.60969746,0.37713796,2
773,3.239195,0.6961326,3
774,0.22080445,0.51441467,4
775,1.2998248,0.66436917,5
776,1.9473937,0.8997975,6
777,4.851318,0.25104827,7
778,2.2463043,0.5952469,8
779,1.917753,0.056106832,9
780,4.8366027,0.17565641,0
781,2.0520654,0.3610366,1
782,0.867132,0.1216131,2
783,2.561332,0.6647126,3
784,0.4226352,0.8114446,4
785,1.6346722,0.05128984,5
786,2.0487216,0.21028337,6
787,1.0022247,0.6413125,7
788,2.8672943,0.59484124,8
789,1.8531008,0.79998565,9
790,3.5032067,0.35295087,0
791,2.9608727,0.46439138,1
792,0.43252078,0.7982873,2
793,4.4544153,0.061616108,3
794,0.4184648,0.97871864,4
795,1.6294159,0.57911074,5
796,3.1392498,0.83046925,6
797,6.836054,0.2582196,7
798,3.0758548,0.90942264,8
799,1.2600809,0.43225566,9
800,6.638468,0.5326921,0
801,1.9863055,0.3967089,1
802,0.42585555,0.6111936,2
803,3.1807723,0.47833392,3
804,0.32610816,0.5798189,4
805,1.3105357,0.71213603,5
806,1.426785,0.7201392,6
807,3.242757,0.24956083,7
808,2.0457377,0.4085437,8
809,1.4420738,0.6437941,9
810,6.7608232,0.47548994,0
811,2.428986,0.38228768,1
812,0.34964263,0.6451619,2
813,3.651268,0.32312226,3
814,0.24282174,0.49867293,4
815,1.6969392,0.24994762,5
816,0.8658217,0.83392614,6
817,3.5875845,0.337544,7
818,2.453178,0.45813954,8
819,2.876686,0.016662758,9
820,4.002473,0.47372305,0
821,2.8664086,0.19012465,1
822,0.9552017,0.11214778,2
823,2.2868981,0.6431168,3
824,0.13520288,0.45898187,4
825,1.7002394,0.07225331,5
826,2.20573,0.7485508,6
827,3.7492883,0.17686899,7
828,2.8644366,0.07071948,8
829,1.6773921,0.048830032,9
830,3.076169,0.41452304,0
831,2.443672,0.15328854,1
832,0.5664433,0.28109595,2
833,2.4263296,0.5689634,3
834,0.10304365,0.6170964,4
835,1.1165695,0.37983257,5
836,2.1320164,0.8696506,6
837,1.8729461,0.3755948,7
838,2.374621,0.8950069,8
839,2.1362667,0.4835023,9
840,5.5975513,0.5137811,0
841,2.306159,0.43248352,1
842,0.5130374,0.21837705,2
843,4.001213,0.58944625,3
844,0.23600283,0.8008591,4
845,1.444504,0.72924894,5
846,2.3896415,0.42080048,6
847,4.1590114,0.054022055,7
848,4.3570127,0.6851124,8
849,1.3406,0.36123842,9
850,3.9711432,0.54988563,0
851,1.2874157,0.85282904,1
852,0.5677243,0.61711913,2
853,2.709722,0.25747082,3
854,0.18508807,0.7140919,4
855,1.2822359,0.43422037,5
856,1.1295547,0.8664248,6
857,2.2435021,0.6042113,7
858,2.2881837,0.6060394,8
859,1.5834119,0.28035825,9
860,3.377555,0.6967603,0
861,0.9077716,0.4558928,1
862,0.5798065,0.18219115,2
863,5.246635,0.2944192,3
864,0.23016484,0.3995368,4
865,2.2630274,0.47681803,5
866,2.6432781,0.24767606,6
867,1.4762007,0.18500401,7
868,3.178522,0.4564582,8
869,1.7952435,0.22283255,9
870,3.8783023,0.57659745,0
871,2.8198266,0.09546832,1
872,0.838426,0.27829993,2
873,2.6716428,0.08083467,3
874,0.21138814,0.28207108,4
875,1.8129026,0.09640489,5
876,2.1242208,0.6225373,6
877,2.5514152,0.13410072,7
878,4.2523804,0.5713091,8
879,2.2420769,0.612216,9
880,2.4316003,0.6356975,0
881,2.8232048,0.65539855,1
882,0.39438394,0.5810366,2
883,1.9629438,0.8671466,3
884,0.18390682,0.3683672,4
885,2.1525278,0.3690345,5
886,1.7113692,0.90590054,6
887,6.1970367,0.39155778,7
888,1.4682155,0.93227744,8
889,1.4001507,0.7125048,9
890,5.29799,0.5669211,0
891,1.6756704,0.5359818,1
892,0.5321687,0.36818022,2
893,2.1112313,0.8518742,3
894,0.13243924,0.5434863,4
895,1.8279517,0.23871751,5
896,2.8837414,0.3130265,6
897,7.253843,0.39710763,7
898,2.1313908,0.661765,8
899,1.5537857,0.5917965,9
900,4.217658,0.82876277,0
901,1.1671443,0.7732958,1
902,0.55133706,0.19920994,2
903,3.0692306,0.8640705,3
904,0.22719212,0.21457638,4
905,1.306225,0.19269839,5
906,2.5872447,0.6188494,6
907,4.90234,0.2424841,7
908,2.614764,0.82767886,8
909,1.4682345,0.6131106,9
910,5.693991,0.21516372,0
911,1.0846199,0.7792158,1
912,0.5749,0.16627216,2
913,3.7604501,0.26231802,3
914,0.17168686,0.22097996,4
915,1.9614328,0.11757651,5
916,1.3785285,0.85310787,6
917,3.2727911,0.70667034,7
918,1.6250962,0.24849522,8
919,1.5887843,0.6464747,9
920,5.0211725,0.69918793,0
921,0.9828534,0.8681487,1
922,0.37190542,0.7598258,2
923,1.866141,0.11678518,3
924,0.16714951,0.4052398,4
925,1.0989386,0.16057055,5
926,1.4162778,0.784339,6
927,3.0812242,0.5896008,7
928,2.236411,0.9570438,8
929,1.0890647,0.7671811,9
930,4.260867,0.5973698,0
931,2.143349,0.35246545,1
932,0.3997624,0.71663046,2
933,4.663656,0.5531966,3
934,0.2533051,0.79363513,4
935,1.1167731,0.2050787,5
936,2.251415,0.590519,6
937,3.108466,0.18461037,7
938,2.1413486,0.6829357,8
939,1.4321055,0.52295494,9
940,5.5311193,0.64326346,0
941,1.915099,0.6156785,1
942,0.3712584,0.7740387,2
943,5.235387,0.841114,3
944,0.274975,0.7579205,4
945,1.548751,0.5671253,5
946,2.1154258,0.84563035,6
947,4.51755,0.24699183,7
948,2.3444703,0.7626188,8
949,0.8908635,0.86440414,9
950,5.5651336,0.35043934,0
951,1.5021867,0.39086038,1
952,0.740968,0.13989434,2
953,1.7685424,0.605053,3
954,0.26326862,0.18103759,4
955,1.6485457,0.46453586,5
956,2.0020864,0.74986583,6
957,1.4988999,0.3937155,7
958,2.1458688,0.25304714,8
959,1.8542435,0.29325527,9
960,5.2804193,0.6470907,0
961,1.5279524,0.86267966,1
962,0.46958548,0.27048364,2
963,3.5568576,0.4130182,3
964,0.3205916,0.68617076,4
965,1.5458038,0.085765816,5
966,1.5717381,0.8718706,6
967,3.9801993,0.28305465,7
968,2.5974832,0.24899265,8
969,1.6968937,0.47237822,9
970,3.0108447,0.49586162,0
971,1.5336298,0.1744675,1
972,0.4279517,0.3984782,2
973,1.8064799,0.3438269,3
974,0.19573973,0.6295822,4
975,0.9386391,0.3647731,5
976,1.0781255,0.87408173,6
977,5.1727366,0.1799612,7
978,4.1438217,0.6592275,8
979,1.6508236,0.24107961,9
980,2.4805627,0.635366,0
981,1.9596916,0.6229607,1
982,0.50415254,0.1786854,2
983,1.4229954,0.24929896,3
984,0.33661053,0.5089864,4
985,1.798249,0.0985777,5
986,2.9422503,0.412612,6
987,5.3500614,0.054712363,7
988,3.0155334,0.765367,8
989,1.1042275,0.631751,9
990,5.046535,0.1122364,0
991,1.7055534,0.77285695,1
992,0.45684162,0.30969882,2
993,3.2045648,0.5466853,3
994,0.22835991,0.35438496,4
995,1.4710666,0.15236615,5
996,1.8098991,0.52722293,6
997,2.409759,0.16540843,7
998,2.551669,0.8090072,8
999,1.7065959,0.09556096,9
1000,4.0927973,0.46770003,0
1001,2.418773,0.089209534,1
1002,0.45440155,0.58640593,2
1003,2.8659163,0.45388833,3
1004,0.22411385,0.9366194,4
1005,1.2245356,0.09239993,5
1006,2.4644356,0.84682596,6
1007,4.5396066,0.38075215,7
1008,1.5583719,0.7957871,8
1009,1.1711855,0.5432613,9
1010,5.2581997,0.7293062,0
1011,1.7914848,0.47216153,1
1012,0.3760984,0.7479221,2
1013,3.186617,0.60401624,3
1014,0.2005775,0.6112944,4
1015,1.6539251,0.060842328,5
1016,1.7409045,0.73245776,6
1017,3.4273272,0.098921955,7
1018,3.082771,0.5400355,8
1019,1.3162036,0.66352916,9
1020,4.25665,0.76233906,0
1021,1.577364,0.81674975,1
1022,0.35284543,0.36009172,2
1023,4.053976,0.10586122,3
1024,0.23340338,0.47392944,4
1025,1.2093594,0.7165681,5
1026,1.136675,0.7733049,6
1027,4.1723804,0.5620831,7
1028,3.9416275,0.5531443,8
1029,1.1471931,0.5306681,9
1030,4.6949015,0.7052023,0
1031,2.0636394,0.1747409,1
1032,0.7549953,0.41639206,2
1033,3.9464297,0.86956286,3
1034,0.26605138,0.8640815,4
1035,1.4203615,0.3786959,5
1036,2.1471906,0.7955908,6
1037,5.0051665,0.042484924,7
1038,2.9753127,0.495064,8
1039,0.8917001,0.9236257,9
1040,5.981822,0.6648331,0
1041,1.5935621,0.49265888,1
1042,0.47085506,0.6302719,2
1043,1.8301399,0.48339328,3
1044,0.3497419,0.46514127,4
1045,1.9572033,0.767025,5
1046,4.48825,0.72863483,6
1047,5.346425,0.37648144,7
1048,3.282278,0.5541533,8
1049,1.7698588,0.3583982,9
1050,5.591551,0.29772514,0
1051,1.8046031,0.63502306,1
1052,0.2748649,0.9449828,2
1053,4.392315,0.2053218,3
1054,0.12897463,0.17071013,4
1055,1.5433108,0.20148458,5
1056,2.183007,0.56385154,6
1057,4.948306,0.25511026,7
1058,2.2265205,0.40903473,8
1059,0.98871136,0.2920354,9
1060,2.8521156,0.6727358,0
1061,3.6747816,0.0737626,1
1062,0.90529454,0.16018316,2
1063,4.023817,0.8106612,3
1064,0.25111824,0.84722877,4
1065,1.4782343,0.51607466,5
1066,1.5488976,0.9359636,6
1067,2.9409626,0.21794176,7
1068,1.9364936,0.3654102,8
1069,1.6660476,0.2038997,9
1070,3.5436277,0.86237454,0
1071,2.602828,0.23005071,1
1072,0.4307919,0.6224728,2
1073,2.1586628,0.1561718,3
1074,0.14832771,0.22150835,4
1075,1.6245494,0.1960891,5
1076,2.7360108,0.62624115,6
1077,3.8303661,0.23087797,7
1078,2.2245455,0.8964614,8
1079,1.8365235,0.46137482,9
1080,4.45342,0.91228884,0
1081,1.5547147,0.38096616,1
1082,0.52519333,0.46072713,2
1083,3.6454148,0.3166393,3
1084,0.13370758,0.48552456,4
1085,1.8991914,0.14132418,5
1086,2.2095482,0.71766055,6
1087,3.088021,0.1713459,7
1088,1.3305218,0.72486705,8
1089,1.7666156,0.2577396,9
1090,7.009229,0.28750172,0
1091,1.8435266,0.32785642,1
1092,0.5769844,0.30234462,2
1093,4.3215714,0.8670009,3
1094,0.30665857,0.6628967,4
1095,1.1416371,0.51895034,5
1096,2.367627,0.68375546,6
1097,3.770305,0.102228425,7
1098,2.5576684,0.897744,8
1099,1.7592671,0.425527,9
1100,4.523668,0.25496992,0
1101,2.7511282,0.5506884,1
1102,0.52946377,0.17771278,2
1103,4.5892763,0.38919833,3
1104,0.22911088,0.56900865,4
1105,1.3481293,0.46397558,5
1106,2.5329897,0.41916698,6
1107,5.651271,0.11202103,7
1108,2.1325927,0.84942526,8
1109,1.8269081,0.306619,9
1110,5.1873546,0.5109434,0
1111,1.7044348,0.14232486,1
1112,0.37462503,0.8292126,2
1113,4.3787155,0.06652563,3
1114,0.36077458,0.70471585,4
1115,2.4029253,0.14659828,5
1116,2.6161206,0.6418584,6
1117,4.4330354,0.3603133,7
1118,1.4400477,0.74402565,8
1119,1.8357008,0.5280881,9
1120,3.695848,0.44117114,0
1121,1.2139457,0.4263628,1
1122,0.6962374,0.18162306,2
1123,1.6435497,0.5003267,3
1124,0.16259871,0.4357804,4
1125,1.3764776,0.3141251,5
1126,2.155492,0.4453869,6
1127,2.5257854,0.3575602,7
1128,3.620328,0.37918952,8
1129,1.8935175,0.19256668,9
1130,3.4107602,0.96012264,0
1131,2.5766053,0.42342585,1
1132,0.8294263,0.2151251,2
1133,3.190146,0.59134436,3
1134,0.13433859,0.6181826,4
1135,2.518071,0.09645506,5
1136,2.2803116,0.5962644,6
1137,3.9137135,0.73504937,7
1138,2.3073049,0.248733,8
1139,1.7555888,0.5621027,9
1140,7.74502,0.075105205,0
1141,2.5298297,0.4224811,1
1142,1.2702975,0.022474824,2
1143,4.299036,0.44340682,3
1144,0.18748188,0.31215143,4
1145,1.5323215,0.45842755,5
1146,2.5333905,0.87372416,6
1147,3.246604,0.14665924,7
1148,1.5409738,0.9325108,8
1149,0.79751736,0.659755,9
1150,5.688986,0.535379,0
1151,3.0470428,0.23565592,1
1152,0.5251778,0.21379009,2
1153,2.0752172,0.79890615,3
1154,0.18850712,0.46816215,4
1155,1.5077398,0.63808185,5
1156,2.354515,0.6265789,6
1157,4.8855815,0.28847617,7
1158,1.9601668,0.13464093,8
1159,1.5871693,0.1748821,9
1160,2.0054479,0.43600568,0
1161,2.2792645,0.63522154,1
1162,0.5898916,0.3659076,2
1163,4.505969,0.67317903,3
1164,0.24978647,0.7818343,4
1165,0.8527794,0.87985295,5
1166,1.4568919,0.43480384,6
1167,3.807775,0.21108076,7
1168,1.8251408,0.7203174,8
1169,1.2716923,0.8067961,9
1170,5.001287,0.42682636,0
1171,2.413168,0.57898235,1
1172,0.5661589,0.48126563,2
1173,3.3691404,0.29453373,3
1174,0.16063794,0.5185928,4
1175,2.039974,0.58106214,5
1176,1.585006,0.6471748,6
1177,6.8656797,0.27594355,7
1178,2.6954772,0.33929667,8
1179,1.0594414,0.5987151,9
1180,4.1978755,0.5737705,0
1181,2.269197,0.22456627,1
1182,1.1429374,0.14863561,2
1183,3.6211512,0.46004668,3
1184,0.17456847,0.39282528,4
1185,1.3636446,0.38617972,5
1186,1.47838,0.9584598,6
1187,4.6585355,0.08873443,7
1188,4.8828616,0.60856885,8
1189,1.3481985,0.9095104,9
1190,4.798829,0.8048633,0
1191,2.1290846,0.4275244,1
1192,0.4313209,0.5102285,2
1193,3.694975,0.4352442,3
1194,0.21891378,0.7701913,4
1195,1.5607256,0.28896502,5
1196,1.6168437,0.94812125,6
1197,4.2363796,0.48280337,7
1198,3.3980403,0.7495356,8
1199,1.6768916,0.12048158,9
1200,3.7497103,0.12211877,0
1201,2.4889116,0.4431207,1
1202,0.28434154,0.86435795,2
1203,2.8248856,0.5928926,3
1204,0.236988,0.9284166,4
1205,1.3148584,0.048755437,5
1206,1.4925395,0.66899824,6
1207,3.3046248,0.35553595,7
1208,2.1638665,0.4851032,8
1209,1.9101446,0.34666023,9
1210,4.4109244,0.5438986,0
1211,1.6427455,0.82363445,1
1212,0.45785677,0.5049507,2
1213,4.309757,0.47565603,3
1214,0.19943924,0.3471275,4
1215,1.381012,0.44859308,5
1216,2.223517,0.36617163,6
1217,5.074952,0.21973029,7
1218,2.9223294,0.2387061,8
1219,1.0450492,0.14137626,9
1220,3.7930784,0.90494037,0
1221,2.0010655,0.7465595,1
1222,0.40583503,0.23739633,2
1223,2.940495,0.7377073,3
1224,0.21737191,0.2505845,4
1225,2.0164208,0.076054886,5
1226,1.5746558,0.72628385,6
1227,2.1090546,0.3357977,7
1228,2.5461683,0.7605667,8
1229,1.9070154,0.24239571,9
1230,6.958577,0.698706,0
1231,1.3773559,0.6255625,1
1232,0.5230483,0.22454068,2
1233,4.4704976,0.60252637,3
1234,0.18743423,0.54729104,4
1235,0.90054244,0.67970496,5
1236,3.2600617,0.3294635,6
1237,5.5194955,0.25877646,7
1238,2.8257573,0.38366386,8
1239,1.31267,0.5425194,9
1240,5.2322206,0.09305475,0
1241,2.390006,0.5087042,1
1242,0.6144953,0.2156831,2
1243,3.55374,0.32891542,3
1244,0.10651461,0.3734678,4
1245,1.7887138,0.36463934,5
1246,3.9681983,0.16926965,6
1247,5.1153326,0.13750233,7
1248,2.9977515,0.67219853,8
1249,1.5676415,0.3485475,9
1250,5.0437536,0.5734757,0
1251,3.1684046,0.6710155,1
1252,0.5212076,0.612938,2
1253,4.783874,0.20623024,3
1254,0.20226516,0.5123993,4
1255,1.6051185,0.051569324,5
1256,3.112206,0.29639533,6
1257,2.868847,0.2890747,7
1258,2.230387,0.56213933,8
1259,1.461088,0.59390235,9
1260,3.9464288,0.26948896,0
1261,1.7656397,0.7823829,1
1262,0.7622,0.09329888,2
1263,2.142204,0.08117741,3
1264,0.35027564,0.4424124,4
1265,0.6523026,0.83889174,5
1266,2.977283,0.7010094,6
1267,2.1476831,0.5763295,7
1268,2.535172,0.56623626,8
1269,0.7753133,0.571956,9
1270,3.9008806,0.732031,0
1271,2.4864688,0.0926963,1
1272,0.7273239,0.17493449,2
1273,4.903013,0.39879322,3
1274,0.19362925,0.75874555,4
1275,1.2549653,0.733728,5
1276,1.585101,0.87502116,6
1277,6.126761,0.30547523,7
1278,1.711484,0.43287694,8
1279,1.4972682,0.24289691,9
1280,4.7752724,0.8328354,0
1281,2.5133133,0.6340967,1
1282,0.8192572,0.30660102,2
1283,2.1498399,0.3837053,3
1284,0.1594329,0.6515017,4
1285,1.1992471,0.58446515,5
1286,2.623015,0.81089264,6
1287,3.9939916,0.2274509,7
1288,4.9514127,0.1064,8
1289,1.1252458,0.6843444,9
1290,6.190577,0.57241523,0
1291,2.9231694,0.0779134,1
1292,0.5388633,0.25685605,2
1293,3.2171571,0.5668053,3
1294,0.23909526,0.6773284,4
1295,2.0424294,0.1355985,5
1296,2.7409198,0.79416865,6
1297,2.6023145,0.41755858,7
1298,1.0722414,0.71925604,8
1299,1.6171513,0.24538343,9
1300,6.9039154,0.48729002,0
1301,1.9199913,0.5931311,1
1302,0.5127044,0.268579,2
1303,3.8877227,0.4568998,3
1304,0.19943438,0.49143276,4
1305,0.9524178,0.40795833,5
1306,1.76561,0.6649161,6
1307,4.94555,0.6695183,7
1308,3.099806,0.85131943,8
1309,1.653406,0.29305893,9
1310,5.5640454,0.35396463,0
1311,2.9421234,0.061411876,1
1312,0.5859441,0.3741408,2
1313,5.03288,0.17947768,3
1314,0.25055102,0.812971,4
1315,2.2260692,0.079926156,5
1316,2.3106267,0.73942316,6
1317,5.2592854,0.13543272,7
1318,1.9938254,0.741771,8
1319,1.7754434,0.49507907,9
1320,5.0997834,0.25245902,0
1321,1.6163279,0.86463755,1
1322,0.34347868,0.79230165,2
1323,3.2203662,0.18379194,3
1324,0.27154717,0.68183315,4
1325,1.2422277,0.6452334,5
1326,1.7094288,0.5228881,6
1327,4.482882,0.18040723,7
1328,1.2769247,0.6319947,8
1329,0.8323669,0.50246936,9
1330,2.0815835,0.4991149,0
1331,2.426798,0.19080804,1
1332,0.5066469,0.6745536,2
1333,4.71322,0.46682864,3
1334,0.3620146,0.86693376,4
1335,0.940302,0.8723441,5
1336,0.936107,0.8979215,6
1337,3.1912446,0.42488003,7
1338,1.7981536,0.43603525,8
1339,2.0227692,0.60554713,9
1340,3.891215,0.5958511,0
1341,1.941714,0.61598563,1
1342,0.37207875,0.43349263,2
1343,2.1713371,0.6484353,3
1344,0.39963597,0.972546,4
1345,1.3564932,0.82694304,5
1346,1.6544629,0.89685905,6
1347,4.1066985,0.27354488,7
1348,3.744881,0.5386207,8
1349,1.7478752,0.43550217,9
1350,4.1172113,0.5658222,0
1351,2.1404054,0.47920495,1
1352,0.47904137,0.3342301,2
1353,2.7238579,0.5152061,3
1354,0.2225873,0.23345427,4
1355,1.3798369,0.59613067,5
1356,1.8669897,0.5617397,6
1357,4.6795197,0.3576127,7
1358,1.9059112,0.7238488,8
1359,1.4732494,0.25504202,9
1360,5.1720667,0.6392456,0
1361,1.6910024,0.3306586,1
1362,0.6640065,0.2135578,2
1363,1.7796395,0.07323287,3
1364,0.27916473,0.9588424,4
1365,1.4791074,0.78049654,5
1366,2.318265,0.6076509,6
1367,4.079992,0.13725588,7
1368,2.640836,0.8077506,8
1369,0.9546742,0.4483006,9
1370,4.542448,0.9270474,0
1371,1.7745659,0.7647632,1
1372,0.3584258,0.5504753,2
1373,2.9086363,0.6580139,3
1374,0.16224289,0.29628992,4
1375,2.049904,0.25208947,5
1376,1.1720732,0.70413315,6
1377,6.2621922,0.3571504,7
1378,3.5011125,0.77505803,8
1379,0.8937257,0.46123505,9
1380,5.6897645,0.88886297,0
1381,1.9874479,0.6722229,1
1382,1.0300027,0.3242664,2
1383,2.6621292,0.23840445,3
1384,0.31447425,0.8102367,4
1385,1.5938232,0.044289943,5
1386,3.3558497,0.61623454,6
1387,6.291198,0.32370672,7
1388,2.0805726,0.75945103,8
1389,1.1434628,0.8246277,9
1390,4.0201135,0.81961876,0
1391,2.4180622,0.13744864,1
1392,0.6497525,0.39986688,2
1393,2.1727052,0.5777445,3
1394,0.5919095,0.7965083,4
1395,1.8253351,0.051520545,5
1396,2.098359,0.40293914,6
1397,3.353015,0.36816186,7
1398,2.097719,0.8798074,8
1399,1.5178857,0.3853267,9
1400,3.2192829,0.2468548,0
1401,2.7751255,0.115048654,1
1402,0.58183205,0.18303138,2
1403,4.8429995,0.4177068,3
1404,0.21089914,0.26596475,4
1405,1.9152024,0.59272695,5
1406,1.6115625,0.7082413,6
1407,6.219797,0.10489488,7
1408,2.1941493,0.06617284,8
1409,1.7787955,0.6155568,9
1410,2.774711,0.94009316,0
1411,2.6977751,0.23194735,1
1412,0.39579666,0.38349646,2
1413,2.3063347,0.1051665,3
1414,0.13119845,0.69810957,4
1415,1.8272156,0.15357597,5
1416,2.680795,0.71772647,6
1417,4.3434434,0.4421201,7
1418,2.5945497,0.8228701,8
1419,1.6124282,0.45301113,9
1420,7.450883,0.36189008,0
1421,1.7779436,0.8637261,1
1422,0.42114508,0.33485168,2
1423,2.4773881,0.5997803,3
1424,0.15519594,0.679461,4
1425,0.89315885,0.8314386,5
1426,1.8388151,0.890787,6
1427,5.4551344,0.05145595,7
1428,2.39557,0.19257087,8
1429,1.6901611,0.3222144,9
1430,3.184298,0.36727935,0
1431,2.0064545,0.5663135,1
1432,0.38842815,0.40699524,2
1433,4.0504794,0.85204524,3
1434,0.1547513,0.6527111,4
1435,1.6906192,0.3932219,5
1436,2.0983596,0.93147296,6
1437,6.0187316,0.13855809,7
1438,2.9835894,0.5634417,8
1439,1.5045907,0.18689346,9
1440,3.9287808,0.43831486,0
1441,3.0283747,0.16099735,1
1442,0.48260498,0.32507914,2
1443,4.71459,0.30943742,3
1444,0.2015787,0.5229642,4
1445,2.0582879,0.14570889,5
1446,1.859789,0.52020544,6
1447,4.8507323,0.2883185,7
1448,2.6122627,0.27022278,8
1449,2.3911042,0.737439,9
1450,5.0436344,0.4482092,0
1451,2.2227225,0.10000304,1
1452,0.72808737,0.29011652,2
1453,4.4021034,0.3758093,3
1454,0.1997778,0.4246392,4
1455,1.3632917,0.48171443,5
1456,1.6281555,0.4051381,6
1457,5.1718864,0.18188426,7
1458,1.4444444,0.53857726,8
1459,1.2860972,0.27418625,9
1460,2.0041552,0.42737007,0
1461,1.0025705,0.20716292,1
1462,0.6798018,0.5692341,2
1463,1.8418943,0.6268042,3
1464,0.36594096,0.9102332,4
1465,1.2640569,0.18954927,5
1466,1.4139669,0.90978056,6
1467,3.0157135,0.2784144,7
1468,2.1503882,0.8599128,8
1469,1.8334124,0.3426789,9
1470,7.681842,0.06175349,0
1471,2.5813053,0.68006873,1
1472,0.6574143,0.19629104,2
1473,3.1320539,0.4583954,3
1474,0.26034853,0.8666403,4
1475,1.4107066,0.5579503,5
1476,1.5828719,0.83882844,6
1477,3.44538,0.5073963,7
1478,2.1154647,0.086928405,8
1479,1.4412214,0.028861785,9
1480,7.1442404,0.16955003,0
1481,3.264775,0.5468394,1
1482,0.691563,0.25637367,2
1483,2.4661143,0.22694917,3
1484,0.15545575,0.49530157,4
1485,1.5524147,0.040915273,5
1486,1.7311997,0.8584647,6
1487,5.2455564,0.032203283,7
1488,2.1879022,0.9061026,8
1489,1.7358046,0.30121186,9
1490,2.1497102,0.17356277,0
1491,2.4740288,0.097400434,1
1492,0.6780441,0.23948655,2
1493,2.6715755,0.5658336,3
1494,0.23843928,0.21907778,4
1495,0.8398041,0.77580327,5
1496,1.9830656,0.45606154,6
1497,3.9805818,0.35005733,7
1498,2.448874,0.74644715,8
1499,1.3112609,0.9195094,9
1500,4.104653,0.7551161,0
1501,1.277381,0.43811586,1
1502,0.5275511,0.68513566,2
1503,2.2829332,0.5430553,3
1504,0.20185262,0.28968793,4
1505,0.98894095,0.72183335,5
1506,1.8436538,0.07320276,6
1507,4.087792,0.09898134,7
1508,3.38385,0.41737476,8
1509,0.7242429,0.38163155,9
1510,2.5177517,0.28678462,0
1511,2.4341698,0.5484889,1
1512,0.6450553,0.43359157,2
1513,3.5772905,0.8240526,3
1514,0.292537,0.58185554,4
1515,0.7977417,0.85879076,5
1516,1.1857172,0.98880124,6
1517,6.395433,0.39397755,7
1518,2.132105,0.75313807,8
1519,1.4039124,0.46536788,9
1520,3.5458632,0.6027714,0
1521,1.2744201,0.2706641,1
1522,0.54844207,0.30075273,2
1523,1.7412057,0.5212103,3
1524,0.23147307,0.8936066,4
1525,1.6420888,0.24668302,5
1526,2.7149649,0.7317007,6
1527,2.0119226,0.7076408,7
1528,2.5206969,0.60699755,8
1529,1.2972751,0.55006886,9
1530,3.7301648,0.74931586,0
1531,1.6162728,0.5384024,1
1532,0.72297,0.1834123,2
1533,3.9609046,0.37534413,3
1534,0.21395695,0.5877291,4
1535,1.0216608,0.35021484,5
1536,1.0753373,0.6201069,6
1537,3.0042984,0.48195666,7
1538,3.3335521,0.41195416,8
1539,2.0562992,0.38691977,9
1540,6.3813944,0.5877558,0
1541,1.9872696,0.5486242,1
1542,0.4431473,0.5778108,2
1543,2.6875327,0.4819154,3
1544,0.16579792,0.38784093,4
1545,0.85984457,0.36480656,5
1546,1.9094303,0.17925471,6
1547,3.2904577,0.39433244,7
1548,3.1580777,0.5687476,8
1549,2.2478626,0.076325126,9
1550,4.570758,0.08067964,0
1551,2.1893814,0.7789777,1
1552,0.38052928,0.7206932,2
1553,4.2897215,0.0443759,3
1554,0.18810982,0.096880086,4
1555,2.1951704,0.124514036,5
1556,1.0788547,0.7925512,6
1557,4.562809,0.388808,7
1558,1.535101,0.27213717,8
1559,1.106462,0.15454146,9
1560,6.46183,0.33001417,0
1561,1.2493693,0.8139638,1
1562,0.5408222,0.10536946,2
1563,2.7971163,0.62255454,3
1564,0.3592305,0.98103106,4
1565,1.7488497,0.37777632,5
1566,2.1193888,0.5192564,6
1567,5.8296924,0.47197792,7
1568,2.3991163,0.52611464,8
1569,0.93041027,0.8519095,9
1570,6.2252216,0.29705808,0
1571,1.9108353,0.25674185,1
1572,0.4086811,0.75870335,2
1573,3.4933186,0.8721354,3
1574,0.12647848,0.27911645,4
1575,1.4075973,0.67129827,5
1576,3.0518737,0.73225015,6
1577,1.8722155,0.5052938,7
1578,2.78908,0.6716455,8
1579,1.7375094,0.040689453,9
1580,5.708725,0.28949347,0
1581,2.823801,0.5560982,1
1582,0.43023762,0.5643185,2
1583,3.9060817,0.6467371,3
1584,0.1779496,0.18574741,4
1585,1.2019637,0.30413643,5
1586,2.7263272,0.5707626,6
1587,4.0396686,0.21508801,7
1588,1.818069,0.6599798,8
1589,1.4454395,0.81687886,9
1590,4.415751,0.21126053,0
1591,1.4957147,0.9244034,1
1592,0.5866674,0.0479663,2
1593,2.0033245,0.62894505,3
1594,0.38212335,0.6459549,4
1595,1.9745042,0.08973942,5
1596,1.2920742,0.8174968,6
1597,2.088036,0.29338792,7
1598,2.2329528,0.51761854,8
1599,2.2178698,0.108701855,9
1600,2.3884013,0.61926395,0
1601,1.7440424,0.4994886,1
1602,0.28166023,0.58313715,2
1603,5.551897,0.1787753,3
1604,0.26821762,0.7581912,4
1605,1.7614679,0.13076806,5
1606,3.2555208,0.41663933,6
1607,3.7827299,0.44552556,7
1608,1.1741259,0.4599968,8
1609,1.4036976,0.6717523,9
1610,4.770045,0.79185826,0
1611,1.4733654,0.54472035,1
1612,0.33653754,0.29600194,2
1613,3.9821954,0.115319274,3
1614,0.16163425,0.6077406,4
1615,1.1314001,0.8206721,5
1616,1.1460856,0.66957474,6
1617,3.790131,0.4568099,7
1618,3.1960483,0.5986282,8
1619,2.0511227,0.17408335,9
1620,3.2937577,0.79576683,0
1621,2.4297676,0.6036541,1
1622,0.4590639,0.28742856,2
1623,2.7545066,0.083648376,3
1624,0.25156525,0.7252458,4
1625,1.1210142,0.5596031,5
1626,2.4377773,0.6629898,6
1627,4.5428286,0.14679676,7
1628,2.66907,0.48007512,8
1629,1.2760699,0.63707024,9
1630,5.6427374,0.74454415,0
1631,1.5559077,0.44176275,1
1632,0.577491,0.45140368,2
1633,4.626568,0.18649253,3
1634,0.33853072,0.94133055,4
1635,1.4336842,0.12532325,5
1636,1.542728,0.7939021,6
1637,1.9001677,0.6504948,7
1638,2.481801,0.6141714,8
1639,1.5015702,0.3838247,9
1640,5.958151,0.57635903,0
1641,1.4516217,0.7597925,1
1642,0.57493603,0.15331651,2
1643,6.2116766,0.40156963,3
1644,0.22917522,0.48937958,4
1645,2.1615138,0.5476439,5
1646,1.5892292,0.8477048,6
1647,4.1093693,0.05409738,7
1648,2.8561375,0.2133587,8
1649,1.7168444,0.62646234,9
1650,5.2966814,0.6452775,0
1651,2.2378163,0.4763685,1
1652,0.7802366,0.08309779,2
1653,1.8966382,0.7070448,3
1654,0.15278716,0.1632436,4
1655,1.2950199,0.31690386,5
1656,1.0846676,0.6001638,6
1657,4.0125422,0.048083972,7
1658,2.011285,0.68272024,8
1659,1.6462594,0.06299553,9
1660,5.6015964,0.6292838,0
1661,2.516812,0.2764932,1
1662,0.83991563,0.1355838,2
1663,3.6962054,0.6801555,3
1664,0.13620208,0.4964235,4
1665,1.6121736,0.046624623,5
1666,3.207353,0.72123265,6
1667,2.9350953,0.21204197,7
1668,3.0461445,0.7675567,8
1669,1.0006353,0.5354126,9
1670,4.1154237,0.44765824,0
1671,2.4287174,0.5857513,1
1672,0.7187754,0.13679947,2
1673,3.4585648,0.055343725,3
1674,0.2552943,0.8487704,4
1675,2.9998395,0.11622828,5
1676,2.0006948,0.7122894,6
1677,2.3267045,0.415821,7
1678,3.5992932,0.37552205,8
1679,1.1671501,0.21730556,9
1680,5.141337,0.8704112,0
1681,1.4953268,0.777653,1
1682,0.71530247,0.4456777,2
1683,2.3939195,0.8104044,3
1684,0.11132785,0.11389189,4
1685,1.6313912,0.3167394,5
1686,1.7917157,0.39954588,6
1687,6.0370727,0.30451494,7
1688,1.7747372,0.33795965,8
1689,1.4523427,0.13933256,9
1690,3.9120035,0.5445937,0
1691,2.5251594,0.35731724,1
1692,0.56713736,0.20088288,2
1693,2.6903512,0.88295734,3
1694,0.2531187,0.3800606,4
1695,0.77602553,0.80857086,5
1696,2.688479,0.5171562,6
1697,4.2974653,0.36459488,7
1698,2.3394885,0.6895109,8
1699,1.6451795,0.22329928,9
1700,4.302308,0.6979331,0
1701,2.2874136,0.3342657,1
1702,0.47640306,0.48242718,2
1703,2.2948031,0.4122319,3
1704,0.16846761,0.29527053,4
1705,2.1475182,0.52090263,5
1706,2.5609488,0.4633738,6
1707,4.494152,0.55125445,7
1708,3.8258293,0.3066013,8
1709,0.9093447,0.6479479,9
1710,3.5538783,0.76905614,0
1711,3.2248094,0.12972851,1
1712,0.49732926,0.2794289,2
1713,2.5484562,0.8846986,3
1714,0.18532456,0.40963933,4
1715,2.006019,0.059976187,5
1716,1.5143024,0.5221048,6
1717,3.902601,0.4011777,7
1718,2.534472,0.97829163,8
1719,1.807236,0.2324809,9
1720,2.727585,0.55285716,0
1721,1.2894962,0.3734358,1
1722,0.6355988,0.30529305,2
1723,2.8752687,0.1738436,3
1724,0.23206791,0.6914136,4
1725,2.4260647,0.28168204,5
1726,3.270656,0.48856995,6
1727,3.8654337,0.04542478,7
1728,2.1334536,0.31785116,8
1729,1.7012452,0.3235454,9
1730,4.7793217,0.83820957,0
1731,1.812308,0.8996159,1
1732,0.75602365,0.24704836,2
1733,3.1599703,0.70020884,3
1734,0.20159839,0.9582961,4
1735,1.2962395,0.22620095,5
1736,1.2555676,0.8163078,6
1737,2.1510727,0.38584313,7
1738,3.6940882,0.7498459,8
1739,1.9541038,0.6269444,9
1740,3.6548219,0.5019895,0
1741,2.6025276,0.4086255,1
1742,0.6377318,0.17725863,2
1743,3.8077,0.736376,3
1744,0.2714476,0.9207509,4
1745,0.8800456,0.9760793,5
1746,2.0716534,0.77354383,6
1747,2.9860048,0.055573046,7
1748,2.5179121,0.23289995,8
1749,1.5077105,0.3186426,9
1750,3.9422152,0.3537183,0
1751,1.8680744,0.73636216,1
1752,0.4056973,0.26834732,2
1753,3.6524944,0.6137923,3
1754,0.23345114,0.648261,4
1755,0.99557066,0.18231335,5
1756,0.8194136,0.9093774,6
1757,2.5975463,0.41836548,7
1758,2.7691605,0.6349304,8
1759,2.632832,0.1912215,9
1760,5.6779346,0.29201898,0
1761,2.4681685,0.09982144,1
1762,0.3825548,0.5485644,2
1763,1.3359028,0.81810004,3
1764,0.39572063,0.89971393,4
1765,0.86243665,0.5672521,5
1766,1.8264539,0.54710776,6
1767,1.8260664,0.22805974,7
1768,1.6475139,0.7520619,8
1769,2.086457,0.16891226,9
1770,7.5369024,0.8878512,0
1771,3.4564962,0.19060698,1
1772,0.6677616,0.23792662,2
1773,5.5162325,0.5414339,3
1774,0.22195008,0.6186381,4
1775,1.1647674,0.09580419,5
1776,1.9661318,0.7158957,6
1777,4.85153,0.28203857,7
1778,2.1477697,0.6529574,8
1779,1.8689158,0.07922507,9
1780,4.62141,0.6453478,0
1781,2.2855663,0.5284213,1
1782,0.7441104,0.33807224,2
1783,4.194333,0.15128645,3
1784,0.37477687,0.6674231,4
1785,1.6636345,0.5954237,5
1786,2.5567646,0.41432297,6
1787,0.84505427,0.58299863,7
1788,1.938678,0.44524664,8
1789,1.2398369,0.9384568,9
1790,5.8222647,0.40822685,0
1791,3.1559973,0.028457383,1
1792,0.71879095,0.3778586,2
1793,4.40727,0.6898764,3
1794,0.36709425,0.7225343,4
1795,2.1226377,0.5791901,5
1796,2.6705804,0.89440256,6
1797,4.5092654,0.2561496,7
1798,2.3109522,0.667486,8
1799,1.1669531,0.7227711,9
1800,4.496148,0.46331975,0
1801,2.7052877,0.48105356,1
1802,0.5318245,0.3568959,2
1803,4.9835777,0.6418522,3
1804,0.17466527,0.48406526,4
1805,2.0335593,0.11273184,5
1806,1.0102806,0.8673474,6
1807,5.8656735,0.17981815,7
1808,2.176359,0.6856988,8
1809,1.6436213,0.21635506,9
1810,6.6709337,0.056135025,0
1811,1.1343862,0.60559225,1
1812,0.6525231,0.25120983,2
1813,3.5210447,0.6859649,3
1814,0.24462011,0.92162716,4
1815,1.3456731,0.60846925,5
1816,2.8020582,0.404121,6
1817,4.98407,0.7971243,7
1818,2.6916072,0.38568753,8
1819,1.3455118,0.689974,9
1820,4.8850603,0.57509845,0
1821,2.5624738,0.55600494,1
1822,0.5701251,0.5993737,2
1823,4.0811234,0.4888603,3
1824,0.40323067,0.75810015,4
1825,1.2432147,0.5199062,5
1826,3.0882587,0.72144055,6
1827,3.4171033,0.14767656,7
1828,1.3429341,0.6023017,8
1829,1.8662388,0.5367848,9
1830,4.683142,0.49427372,0
1831,2.0130975,0.21267703,1
1832,0.30794477,0.16474986,2
1833,3.0437827,0.31214073,3
1834,0.11670504,0.038900748,4
1835,1.6957802,0.1811891,5
1836,2.6594143,0.94307363,6
1837,2.8759859,0.22400808,7
1838,2.5075698,0.63051456,8
1839,1.1838591,0.2840154,9
1840,3.0180526,0.67937195,0
1841,2.1389854,0.13920419,1
1842,0.7140999,0.35182035,2
1843,3.59347,0.5947139,3
1844,0.20297772,0.72954136,4
1845,1.6676133,0.53574795,5
1846,2.877306,0.29867244,6
1847,4.9426546,0.28552374,7
1848,4.3105273,0.19376662,8
1849,1.597644,0.30127952,9
1850,3.7073607,0.7208314,0
1851,3.0366561,0.08656932,1
1852,0.4905423,0.55076385,2
1853,3.719242,0.78181,3
1854,0.19443038,0.52041507,4
1855,1.0057704,0.5369738,5
1856,3.783619,0.51969224,6
1857,2.4150226,0.1703131,7
1858,2.8476028,0.41339216,8
1859,1.7240483,0.27828673,9
1860,6.4700694,0.10935873,0
1861,1.4860706,0.50572175,1
1862,0.43223888,0.21420892,2
1863,2.6653419,0.67269343,3
1864,0.15036625,0.4413051,4
1865,1.6925011,0.30421844,5
1866,2.6397138,0.81998265,6
1867,1.8778622,0.36697742,7
1868,2.4404652,0.65720564,8
1869,1.4842569,0.24447311,9
1870,4.0256233,0.28996146,0
1871,2.1073804,0.7467632,1
1872,0.3893635,0.48102802,2
1873,4.0546284,0.1285432,3
1874,0.25075692,0.5454351,4
1875,2.4533052,0.067998886,5
1876,2.994195,0.3970263,6
1877,3.1876569,0.031763937,7
1878,3.5860987,0.34311953,8
1879,2.4169514,0.08324593,9
1880,5.4847474,0.7624638,0
1881,1.4257144,0.87688166,1
1882,0.6450354,0.1640233,2
1883,3.2552018,0.17478614,3
1884,0.29645583,0.74617213,4
1885,1.9982972,0.20805687,5
1886,2.2796543,0.8547987,6
1887,3.1578825,0.16089821,7
1888,2.6624613,0.15734874,8
1889,1.2950389,0.755025,9
1890,4.6135197,0.4714641,0
1891,2.7232952,0.34807324,1
1892,0.6409732,0.25287253,2
1893,2.746892,0.88964987,3
1894,0.15464592,0.42359912,4
1895,2.323728,0.21781756,5
1896,3.0017743,0.53702193,6
1897,5.1932545,0.46849117,7
1898,2.5875022,0.57425785,8
1899,0.9529161,0.40525413,9
1900,5.954266,0.5006525,0
1901,1.8675798,0.6908926,1
1902,0.51145387,0.45653987,2
1903,2.0970879,0.29774424,3
1904,0.19328985,0.24280928,4
1905,1.2257131,0.7157349,5
1906,5.398075,0.07207329,6
1907,5.808658,0.105386324,7
1908,2.9007373,0.38458687,8
1909,1.1953366,0.2617589,9
1910,3.187276,0.26758862,0
1911,2.4285264,0.2443106,1
1912,0.7757175,0.44524372,2
1913,2.13028,0.65691936,3
1914,0.24798724,0.7040493,4
1915,1.2383157,0.22925071,5
1916,4.5327263,0.55174077,6
1917,1.8094034,0.0285262,7
1918,2.672944,0.8593864,8
1919,1.6273768,0.1584406,9
1920,5.5686235,0.43869197,0
1921,2.7567005,0.9333668,1
1922,0.5413892,0.18001184,2
1923,3.400732,0.1902003,3
1924,0.22214861,0.43135548,4
1925,1.2078227,0.58969647,5
1926,2.75702,0.60420066,6
1927,3.8937955,0.06694117,7
1928,1.2872015,0.8120208,8
1929,1.9298458,0.12445226,9
1930,4.2366657,0.15118517,0
1931,1.9311534,0.53679,1
1932,0.35949373,0.6323444,2
1933,3.012214,0.8565881,3
1934,0.1571904,0.6900952,4
1935,1.2786771,0.6269194,5
1936,2.472044,0.59197235,6
1937,2.1643784,0.5694497,7
1938,1.9310412,0.7992085,8
1939,1.6415925,0.42576233,9
1940,5.8591833,0.6179575,0
1941,1.6552914,0.50905824,1
1942,0.52579546,0.09865143,2
1943,2.0566778,0.7547086,3
1944,0.3002136,0.2730932,4
1945,1.0972904,0.7704495,5
1946,2.4411116,0.81648964,6
1947,5.5135975,0.22671364,7
1948,1.5852087,0.8043587,8
1949,1.6683261,0.5458526,9
1950,6.9617324,0.40757018,0
1951,2.0966337,0.5085976,1
1952,1.0033054,0.03694522,2
1953,1.9757581,0.29423165,3
1954,0.26418576,0.7435471,4
1955,1.029283,0.496619,5
1956,1.214603,0.9192997,6
1957,2.1508262,0.0903359,7
1958,3.067227,0.48393905,8
1959,1.2718194,0.7459061,9
1960,5.1055,0.39754447,0
1961,1.6851733,0.14595021,1
1962,0.66681,0.16904148,2
1963,3.1643584,0.100689046,3
1964,0.23464067,0.9531569,4
1965,1.3114789,0.5684813,5
1966,1.5829515,0.40921092,6
1967,5.3199596,0.11319722,7
1968,3.9804344,0.5362977,8
1969,1.2967215,0.5567439,9
1970,7.156824,0.30415264,0
1971,1.7379361,0.22254017,1
1972,0.4091941,0.42695192,2
1973,3.1923938,0.92006046,3
1974,0.17385796,0.8626226,4
1975,1.7400537,0.122717425,5
1976,1.9038434,0.1122304,6
1977,4.8512774,0.2746048,7
1978,1.3948541,0.6207161,8
1979,1.2356738,0.6691933,9
1980,5.514176,0.24137123,0
1981,1.8790984,0.31309846,1
1982,0.6773261,0.4929263,2
1983,2.8010342,0.8710496,3
1984,0.20261206,0.14491104,4
1985,1.364923,0.93670917,5
1986,2.3926942,0.57665527,6
1987,4.371236,0.072892524,7
1988,2.5893376,0.14911099,8
1989,1.7331767,0.38634965,9
1990,5.459883,0.7507097,0
1991,1.8071637,0.4741226,1
1992,0.4492802,0.32912326,2
1993,4.4725256,0.49110365,3
1994,0.20785294,0.792436,4
1995,1.1081837,0.25736463,5
1996,0.76065356,0.69691396,6
1997,3.3027384,0.46186692,7
1998,3.7238593,0.7804248,8
1999,1.0004189,0.7656146,9
2000,6.0969834,0.32611182,0
2001,2.3703036,0.541429,1
2002,0.40378618,0.47481522,2
2003,2.6375632,0.5164152,3
2004,0.23762196,0.35883403,4
2005,1.4946102,0.12840292,5
2006,2.9831724,0.56472397,6
2007,3.493222,0.5073614,7
2008,2.7960513,0.35507306,8
2009,1.4073585,0.56525046,9
2010,6.329632,0.5613479,0
2011,3.07015,0.68159425,1
2012,0.64628935,0.23632257,2
2013,4.076297,0.5832752,3
2014,0.5224843,0.8704885,4
2015,1.1280901,0.5819548,5
2016,2.0423262,0.67946,6
2017,7.2332172,0.08785833,7
2018,3.423853,0.81660706,8
2019,0.9063182,0.7912869,9
2020,2.6206994,0.88164705,0
2021,3.374837,0.035654493,1
2022,0.64024216,0.41261402,2
2023,3.1105328,0.6373448,3
2024,0.19472031,0.7367169,4
2025,0.9609786,0.05407272,5
2026,3.2924452,0.29289588,6
2027,2.4884784,0.76735026,7
2028,1.7999818,0.7480006,8
2029,0.80337614,0.50655013,9
2030,4.86025,0.7571768,0
2031,3.5710785,0.3933741,1
2032,0.78112155,0.14033374,2
2033,3.9185383,0.3353527,3
2034,0.21613069,0.31490847,4
2035,2.0283322,0.14455432,5
2036,2.100717,0.70981055,6
2037,3.3172038,0.20191321,7
2038,2.9916677,0.86338764,8
2039,0.6640909,0.7449386,9
2040,2.6112769,0.45941544,0
2041,2.2435408,0.017402723,1
2042,0.5134491,0.1460069,2
2043,3.1794424,0.43555546,3
2044,0.15617803,0.80097675,4
2045,1.621727,0.79746985,5
2046,3.533852,0.7234834,6
2047,1.2533586,0.43999988,7
2048,1.7485888,0.5061676,8
2049,1.5922406,0.27106082,9
2050,7.5480456,0.5949569,0
2051,3.141158,0.36304602,1
2052,0.40323344,0.40701047,2
2053,3.3960981,0.7307655,3
2054,0.43808597,0.97810924,4
2055,1.889223,0.19486393,5
2056,1.8141233,0.24700354,6
2057,3.314806,0.08556381,7
2058,3.3497581,0.82299036,8
2059,1.0907152,0.59157836,9
2060,5.6725235,0.59928685,0
2061,2.2215612,0.65406865,1
2062,0.57693505,0.25541338,2
2063,1.965438,0.6525181,3
2064,0.14049524,0.2870482,4
2065,1.6512117,0.4574085,5
2066,1.7693179,0.75829923,6
2067,4.0899706,0.64024484,7
2068,2.660767,0.6644676,8
2069,1.5865785,0.14247821,9
2070,7.2852936,0.5639215,0
2071,2.6594467,0.5574618,1
2072,0.6918261,0.5154168,2
2073,5.556181,0.7606992,3
2074,0.13993399,0.78061426,4
2075,1.5605764,0.6114314,5
2076,1.9497515,0.6424211,6
2077,1.9334512,0.52325237,7
2078,2.687248,0.3416889,8
2079,1.9257154,0.21211043,9
2080,2.4922395,0.34788844,0
2081,2.136133,0.13233292,1
2082,0.32295373,0.6452728,2
2083,4.519247,0.49891284,3
2084,0.29138,0.8685602,4
2085,1.1008757,0.26614863,5
2086,3.2941546,0.47335443,6
2087,3.7490764,0.43576533,7
2088,1.4471127,0.5901848,8
2089,2.8638477,0.71243155,9
2090,5.722928,0.2074868,0
2091,3.7774885,0.015415944,1
2092,0.6974244,0.20585997,2
2093,3.8347259,0.85391444,3
2094,0.1706827,0.29614478,4
2095,0.9825468,0.44478878,5
2096,1.3608814,0.74462485,6
2097,3.8368263,0.09694899,7
2098,2.8796444,0.6396059,8
2099,1.3796085,0.59685516,9
2100,5.8806705,0.52759045,0
2101,2.458475,0.24359639,1
2102,0.46292722,0.7775215,2
2103,3.387432,0.19517952,3
2104,0.1940806,0.23542577,4
2105,1.1003988,0.9505659,5
2106,3.6783862,0.1551177,6
2107,2.6589727,0.25135025,7
2108,1.6130974,0.58469707,8
2109,2.2628248,0.2275692,9
2110,4.5015817,0.46634105,0
2111,2.6123981,0.18348736,1
2112,0.5250011,0.3745656,2
2113,5.304262,0.4820289,3
2114,0.10320157,0.36242583,4
2115,1.6190516,0.092785165,5
2116,1.4865214,0.85518855,6
2117,4.5291076,0.5280674,7
2118,0.9238219,0.94627833,8
2119,1.4162982,0.6350722,9
2120,3.644749,0.4854222,0
2121,3.7808204,0.07749954,1
2122,0.3867284,0.38654315,2
2123,2.2035573,0.529676,3
2124,0.19243778,0.50790524,4
2125,1.0992789,0.1517144,5
2126,2.788087,0.540538,6
2127,3.8862472,0.6209646,7
2128,3.5735555,0.3994907,8
2129,1.2442039,0.21972053,9
2130,5.0299463,0.22432148,0
2131,2.0542684,0.803301,1
2132,0.55717933,0.22668774,2
2133,4.9447484,0.26268318,3
2134,0.17794386,0.42292905,4
2135,1.9455379,0.20330496,5
2136,3.0495203,0.552948,6
2137,2.453662,0.43787527,7
2138,0.80498964,0.7292886,8
2139,1.1622593,0.73465896,9
2140,4.7601523,0.27416542,0
2141,1.993077,0.5453138,1
2142,0.42257828,0.6529994,2
2143,2.5069604,0.6600707,3
2144,0.12093759,0.23691873,4
2145,1.5912232,0.12522458,5
2146,3.531478,0.28546527,6
2147,2.343377,0.23612922,7
2148,1.8142388,0.84898067,8
2149,2.0729203,0.3807648,9
2150,4.5892315,0.6994274,0
2151,2.2301369,0.42925832,1
2152,0.3766393,0.61951315,2
2153,3.3339765,0.6135107,3
2154,0.23878825,0.20132394,4
2155,1.3434248,0.25597674,5
2156,1.8376486,0.9120692,6
2157,4.8553247,0.22369067,7
2158,1.5989155,0.22460017,8
2159,1.9863476,0.70089483,9
2160,4.476062,0.029386686,0
2161,2.337898,0.6969584,1
2162,0.5128156,0.76721656,2
2163,3.2132716,0.57926583,3
2164,0.31929535,0.66848606,4
2165,1.8025388,0.24079591,5
2166,2.2015467,0.84642035,6
2167,2.7614355,0.16681443,7
2168,2.3870687,0.91881144,8
2169,0.964588,0.33531058,9
2170,3.9268863,0.3362588,0
2171,2.213563,0.753574,1
2172,0.50521123,0.8560549,2
2173,2.9664083,0.91095895,3
2174,0.24107394,0.44371957,4
2175,1.3129225,0.16953835,5
2176,3.2753537,0.44326943,6
2177,4.389342,0.50935876,7
2178,2.9116728,0.23089822,8
2179,1.8905916,0.44960222,9
2180,5.3088355,0.14791828,0
2181,2.7580385,0.0799796,1
2182,1.0254058,0.20053191,2
2183,3.5413048,0.2044029,3
2184,0.23324952,0.8138981,4
2185,1.2509018,0.8206604,5
2186,4.574479,0.1310914,6
2187,3.1105182,0.3385662,7
2188,2.8338327,0.29570156,8
2189,1.2334197,0.7419539,9
2190,2.7080116,0.824256,0
2191,2.58878,0.14288844,1
2192,0.46966583,0.42108145,2
2193,2.844777,0.8510817,3
2194,0.31906042,0.7540399,4
2195,1.0036042,0.59326434,5
2196,1.8885018,0.6614334,6
2197,2.2921357,0.8562679,7
2198,2.9391134,0.60410106,8
2199,1.4050983,0.71864015,9
2200,2.7665029,0.34422553,0
2201,1.9333066,0.5065331,1
2202,0.49817565,0.27226615,2
2203,3.6614647,0.22947873,3
2204,0.13808402,0.43697065,4
2205,1.5349358,0.7662937,5
2206,4.075573,0.22296616,6
2207,4.2701597,0.2267676,7
2208,1.377414,0.8853352,8
2209,1.1779959,0.38451576,9
2210,7.5130267,0.46376508,0
2211,1.4985965,0.7116783,1
2212,0.67634934,0.23385651,2
2213,3.4301586,0.34298116,3
2214,0.19057886,0.23141228,4
2215,1.2108968,0.13581954,5
2216,3.5571086,0.70611906,6
2217,3.0053644,0.30250803,7
2218,3.5160456,0.7380637,8
2219,1.809947,0.06156976,9
2220,6.2552023,0.8055914,0
2221,1.4784051,0.33415833,1
2222,0.63039863,0.21476403,2
2223,2.9949017,0.7693079,3
2224,0.15864766,0.45136702,4
2225,1.500967,0.52574956,5
2226,2.1815672,0.7122962,6
2227,6.0879545,0.071865425,7
2228,3.7016108,0.35436836,8
2229,0.68373805,0.14730638,9
2230,5.2372627,0.41290087,0
2231,2.325666,0.70063365,1
2232,0.61044484,0.2386047,2
2233,4.5155773,0.24823913,3
2234,0.288765,0.6676956,4
2235,0.8873319,0.7199419,5
2236,1.5004227,0.6525914,6
2237,4.646841,0.13134435,7
2238,3.1474721,0.6003407,8
2239,1.7839051,0.13814195,9
2240,4.734964,0.6895495,0
2241,2.1701841,0.24826552,1
2242,0.55439955,0.37453312,2
2243,3.839388,0.118111,3
2244,0.32237175,0.39021477,4
2245,0.6576302,0.9706077,5
2246,3.3641863,0.59305286,6
2247,3.8750746,0.10253182,7
2248,3.0338192,0.83273315,8
2249,0.92145264,0.3958535,9
2250,6.4058733,0.2915242,0
2251,1.5739443,0.7545977,1
2252,0.32658577,0.5012129,2
2253,4.6112676,0.790018,3
2254,0.18343495,0.22581616,4
2255,2.1570497,0.8079233,5
2256,2.3347235,0.1876456,6
2257,5.12845,0.25469196,7
2258,2.9955773,0.2574407,8
2259,1.163476,0.32603455,9
2260,4.932317,0.27655277,0
2261,2.7313087,0.24787918,1
2262,0.6512341,0.09757965,2
2263,1.7332482,0.78959846,3
2264,0.12988897,0.5278176,4
2265,1.4064972,0.62949395,5
2266,1.8589829,0.2762603,6
2267,2.4727187,0.42613244,7
2268,2.7899787,0.33595982,8
2269,1.0979209,0.58997285,9
2270,3.9214063,0.7800879,0
2271,1.9318916,0.22580406,1
2272,0.39348152,0.43927133,2
2273,3.3078268,0.6170744,3
2274,0.41007176,0.9606398,4
2275,1.4224653,0.46670717,5
2276,1.7603146,0.64664435,6
2277,3.7545533,0.6288862,7
2278,2.4094505,0.61881846,8
2279,0.94973814,0.23193355,9
2280,3.8645954,0.63089556,0
2281,1.5550983,0.8854587,1
2282,0.35933775,0.3477502,2
2283,3.170003,0.5090667,3
2284,0.2319409,0.90038115,4
2285,0.8987283,0.60929805,5
2286,2.6125214,0.76631093,6
2287,5.731218,0.105738625,7
2288,3.7017715,0.24267,8
2289,1.7751434,0.80597967,9
2290,5.8742256,0.45719534,0
2291,1.6429085,0.43194142,1
2292,0.5213362,0.3170486,2
2293,2.188336,0.39762074,3
2294,0.21098095,0.8287265,4
2295,0.9598545,0.80011714,5
2296,2.1012764,0.1405235,6
2297,1.7963504,0.10932839,7
2298,2.250874,0.49761462,8
2299,1.5710196,0.076886654,9
2300,3.913436,0.62563163,0
2301,1.355695,0.87276685,1
2302,0.46835208,0.26280114,2
2303,3.6700222,0.4999963,3
2304,0.15160844,0.54470116,4
2305,1.2615706,0.6118554,5
2306,1.559809,0.35120115,6
2307,2.0260127,0.514821,7
2308,2.1543899,0.6583795,8
2309,1.099476,0.8411565,9
2310,4.677468,0.5530891,0
2311,1.4660165,0.63701224,1
2312,0.554212,0.2070876,2
2313,2.7580907,0.12334333,3
2314,0.2961777,0.61954314,4
2315,1.949494,0.33844382,5
2316,2.482485,0.7888219,6
2317,4.264737,0.4063837,7
2318,4.8829412,0.3693265,8
2319,1.1971722,0.2222502,9
2320,6.418461,0.4201463,0
2321,1.4820839,0.7478929,1
2322,0.4718346,0.34738964,2
2323,2.436387,0.27764016,3
2324,0.2753756,0.8373218,4
2325,1.2959685,0.5083134,5
2326,1.7874601,0.5433537,6
2327,6.1480675,0.29970667,7
2328,2.085084,0.7747257,8
2329,1.6308236,0.27397525,9
2330,6.3100815,0.3658431,0
2331,2.1155155,0.07494982,1
2332,0.588966,0.32243913,2
2333,3.5486932,0.391339,3
2334,0.1318065,0.22643693,4
2335,1.3226523,0.5145849,5
2336,1.4753164,0.68193376,6
2337,3.04046,0.43351138,7
2338,2.591754,0.6164354,8
2339,1.2491217,0.4956184,9
2340,2.704799,0.7003409,0
2341,2.7140357,0.31814128,1
2342,0.58915514,0.3376534,2
2343,4.3555245,0.20974162,3
2344,0.21255298,0.37005362,4
2345,1.4590588,0.80638444,5
2346,2.1214952,0.61439115,6
2347,3.0989196,0.40675187,7
2348,1.4795442,0.3502229,8
2349,1.6295393,0.31633458,9
2350,6.548705,0.42282185,0
2351,1.4857424,0.6577459,1
2352,0.3145935,0.82412577,2
2353,4.0071836,0.6814033,3
2354,0.11291273,0.20624821,4
2355,1.2866305,0.48369643,5
2356,1.6784829,0.6655717,6
2357,3.5518699,0.14656623,7
2358,2.0960703,0.32892463,8
2359,1.4472833,0.25456566,9
2360,5.938973,0.43547997,0
2361,2.4145043,0.38810968,1
2362,0.7827758,0.18296266,2
2363,2.4278455,0.044994853,3
2364,0.15725946,0.5883917,4
2365,0.9443736,0.44805694,5
2366,1.3970854,0.8333614,6
2367,3.5088525,0.11033707,7
2368,1.4630221,0.46547738,8
2369,3.4134712,0.15945171,9
2370,3.683503,0.47526738,0
2371,1.9036336,0.3039862,1
2372,0.3820121,0.38537958,2
2373,4.211778,0.66423035,3
2374,0.3540914,0.8505677,4
2375,0.7813518,0.9782322,5
2376,2.0434995,0.7347156,6
2377,6.389988,0.013224594,7
2378,2.7539082,0.23176391,8
2379,2.291409,0.5246972,9
2380,5.114036,0.3982349,0
2381,2.89605,0.27424628,1
2382,0.3949128,0.22373594,2
2383,3.3646703,0.33416355,3
2384,0.18748602,0.24869671,4
2385,1.2611427,0.8844222,5
2386,4.6185226,0.2926289,6
2387,2.9856882,0.10530657,7
2388,1.3599551,0.76048046,8
2389,2.4562883,0.54453886,9
2390,2.752314,0.4072801,0
2391,1.6417341,0.5429509,1
2392,0.7517222,0.38217428,2
2393,3.0047882,0.19095434,3
2394,0.2809671,0.74985015,4
2395,1.320919,0.41283524,5
2396,1.9009222,0.72009754,6
2397,3.6557474,0.23449735,7
2398,2.6175654,0.3102803,8
2399,1.8357497,0.3117977,9
2400,6.10242,0.36023834,0
2401,1.7479625,0.69106084,1
2402,0.4484488,0.68196577,2
2403,3.1350007,0.7963127,3
2404,0.23478264,0.4413619,4
2405,1.7216694,0.5977273,5
2406,3.7330651,0.46106943,6
2407,4.2421107,0.27049848,7
2408,2.2713954,0.53218734,8
2409,1.2980248,0.6492444,9
2410,2.6906755,0.779633,0
2411,1.4685363,0.7952941,1
2412,0.6951463,0.1991542,2
2413,3.4442363,0.427982,3
2414,0.15610082,0.29463845,4
2415,1.371942,0.4952065,5
2416,1.6840835,0.7620396,6
2417,6.742439,0.040383413,7
2418,1.2240086,0.2594405,8
2419,1.1172559,0.9477208,9
2420,4.4077473,0.2983185,0
2421,2.3733852,0.69742566,1
2422,0.41361356,0.41770104,2
2423,2.106557,0.2978578,3
2424,0.18191136,0.6506056,4
2425,2.398171,0.4072899,5
2426,2.6199124,0.9037253,6
2427,3.0399427,0.3994631,7
2428,2.4906852,0.66446406,8
2429,1.864422,0.30697167,9
2430,5.4385424,0.4287996,0
2431,2.6555862,0.06351813,1
2432,0.57514364,0.3869818,2
2433,5.1402164,0.5875885,3
2434,0.18606462,0.20932013,4
2435,1.3062786,0.304398,5
2436,3.0688248,0.7033346,6
2437,4.233546,0.21539617,7
2438,1.9475796,0.61590284,8
2439,1.6929224,0.75778013,9
2440,5.9341774,0.81452215,0
2441,2.0872924,0.64676154,1
2442,0.7239771,0.17853835,2
2443,3.9055371,0.41136703,3
2444,0.14695539,0.15137675,4
2445,1.1519752,0.428955,5
2446,0.9437546,0.954381,6
2447,4.0422807,0.19321795,7
2448,2.33937,0.5681647,8
2449,1.5869378,0.28315514,9
2450,5.697236,0.16843323,0
2451,1.9052352,0.50986886,1
2452,0.3666681,0.4470875,2
2453,1.7509173,0.8613486,3
2454,0.16628431,0.3503209,4
2455,1.1242511,0.61400825,5
2456,1.0507978,0.86044526,6
2457,2.5911312,0.27245778,7
2458,2.971736,0.41956827,8
2459,1.1185135,0.10852485,9
2460,3.275225,0.6477078,0
2461,2.456353,0.48134157,1
2462,0.5829281,0.28388652,2
2463,4.7849045,0.56623685,3
2464,0.22255898,0.7274302,4
2465,1.0712607,0.45882633,5
2466,2.008836,0.7827936,6
2467,2.056004,0.49357376,7
2468,3.463786,0.65999436,8
2469,1.6765134,0.15724608,9
2470,2.2999885,0.49076644,0
2471,2.0263991,0.4882514,1
2472,0.75178313,0.25393546,2
2473,3.5148933,0.5197397,3
2474,0.20714237,0.3056811,4
2475,1.445061,0.13212165,5
2476,2.7233691,0.6484779,6
2477,2.8411703,0.106073245,7
2478,4.5905824,0.3362644,8
2479,1.223628,0.35949337,9
2480,5.2392764,0.9417634,0
2481,2.2118955,0.17784102,1
2482,0.4592191,0.42626965,2
2483,1.7887158,0.17051683,3
2484,0.3893479,0.5018774,4
2485,1.514945,0.0884963,5
2486,2.5267456,0.45938423,6
2487,4.514063,0.52081484,7
2488,1.6134201,0.50079685,8
2489,1.2262299,0.33082372,9
2490,3.0485716,0.8827811,0
2491,2.8231091,0.22092547,1
2492,0.36663175,0.52494794,2
2493,2.191577,0.15901524,3
2494,0.13315985,0.6925856,4
2495,1.3491218,0.21836397,5
2496,1.2509422,0.6199161,6
2497,3.7629466,0.48252192,7
2498,1.3712072,0.8789862,8
2499,1.2169619,0.24397977,9
2500,4.8214574,0.8084644,0
2501,2.0948484,0.97253734,1
2502,0.53902036,0.19913186,2
2503,2.5201705,0.077366926,3
2504,0.21046968,0.7034616,4
2505,0.76622176,0.7571433,5
2506,3.2309914,0.32521608,6
2507,2.2455492,0.30560482,7
2508,1.7184879,0.3674367,8
2509,1.2198526,0.19628857,9
2510,5.3657103,0.20849544,0
2511,2.2699807,0.11290035,1
2512,0.29110548,0.8234931,2
2513,3.525475,0.5290439,3
2514,0.21955532,0.66128355,4
2515,1.5263534,0.4345557,5
2516,2.275901,0.27901608,6
2517,6.342768,0.07067182,7
2518,3.6590707,0.26469764,8
2519,1.7693226,0.53404367,9
2520,3.6620984,0.5332237,0
2521,1.9722258,0.33006442,1
2522,0.6995381,0.24268374,2
2523,3.3523617,0.33337393,3
2524,0.17747551,0.380265,4
2525,1.6906197,0.2892696,5
2526,1.3715811,0.8870732,6
2527,2.5287347,0.20929861,7
2528,1.3681684,0.6955667,8
2529,1.4535294,0.84426093,9
2530,4.4573507,0.79403234,0
2531,2.2180908,0.52323556,1
2532,0.27403864,0.5438647,2
2533,1.7818916,0.82507545,3
2534,0.24282768,0.42122164,4
2535,1.7644334,0.4970538,5
2536,1.787176,0.8110868,6
2537,2.8209596,0.20621333,7
2538,1.962021,0.27259767,8
2539,1.1729594,0.5103539,9
2540,2.7580836,0.76110524,0
2541,1.7625846,0.7336941,1
2542,0.5671294,0.32878146,2
2543,4.4599323,0.6298616,3
2544,0.17239845,0.87274766,4
2545,1.5867907,0.5028002,5
2546,1.3495988,0.81790215,6
2547,3.75603,0.08723869,7
2548,2.6695504,0.646975,8
2549,1.8021494,0.3436263,9
2550,6.3942266,0.39796096,0
2551,2.5819178,0.20776416,1
2552,0.35767996,0.5251561,2
2553,3.5372386,0.42074633,3
2554,0.12443781,0.33325773,4
2555,1.1985408,0.52925223,5
2556,1.1035894,0.94945234,6
2557,5.053464,0.038040448,7
2558,2.3764052,0.4289519,8
2559,2.141097,0.23997892,9
2560,4.68472,0.6207925,0
2561,1.7129248,0.597005,1
2562,0.4084988,0.62836033,2
2563,3.1823068,0.62622005,3
2564,0.23447596,0.65005887,4
2565,1.4439465,0.22430031,5
2566,1.9731992,0.919925,6
2567,3.6149478,0.35526145,7
2568,2.8335447,0.82555354,8
2569,2.0154505,0.11925735,9
2570,3.7370658,0.6830509,0
2571,1.5411724,0.20377924,1
2572,0.83583343,0.25715783,2
2573,3.9682322,0.28516003,3
2574,0.21068938,0.48278785,4
2575,1.0185559,0.46898568,5
2576,1.8168392,0.69841164,6
2577,3.1662765,0.40970418,7
2578,3.5520813,0.5313664,8
2579,1.4468987,0.13169394,9
2580,6.7029343,0.6140354,0
2581,2.016489,0.36936203,1
2582,0.6305001,0.14450356,2
2583,3.7050173,0.34827143,3
2584,0.19464186,0.94650716,4
2585,1.5372388,0.740609,5
2586,1.9912753,0.39024958,6
2587,5.1655765,0.22910786,7
2588,3.1042693,0.71275973,8
2589,0.862224,0.45228267,9
2590,4.7277594,0.63480014,0
2591,2.058011,0.41730526,1
2592,0.58007205,0.2157526,2
2593,2.5094266,0.46705195,3
2594,0.22849642,0.66866016,4
2595,1.2293638,0.2960784,5
2596,1.2685335,0.73686224,6
2597,5.1612034,0.17728391,7
2598,0.62468994,0.6480939,8
2599,1.4824471,0.21129186,9
2600,5.4033012,0.29792544,0
2601,1.628123,0.8359708,1
2602,0.52332354,0.5210055,2
2603,3.764039,0.23215283,3
2604,0.11203395,0.15241411,4
2605,1.5024464,0.27285305,5
2606,3.4139633,0.26783013,6
2607,2.9154882,0.36625558,7
2608,3.5847306,0.939582,8
2609,0.8684293,0.47629204,9
2610,3.9973025,0.1992065,0
2611,2.3238318,0.15904118,1
2612,0.6183715,0.38822955,2
2613,3.8078241,0.7511605,3
2614,0.11086919,0.5391545,4
2615,1.3530327,0.14578645,5
2616,2.4001667,0.731004,6
2617,6.0825086,0.2341756,7
2618,2.00344,0.82361704,8
2619,1.1776675,0.38400334,9
2620,5.1873894,0.4896107,0
2621,2.9326108,0.5511373,1
2622,0.63608205,0.060930353,2
2623,1.7042516,0.07522835,3
2624,0.15924555,0.5715748,4
2625,1.8641059,0.47716704,5
2626,2.8261282,0.6226544,6
2627,3.6120963,0.3813206,7
2628,2.415854,0.6549926,8
2629,1.8046141,0.21040681,9
2630,5.4194493,0.46002316,0
2631,2.1904554,0.059309006,1
2632,0.83869755,0.15802307,2
2633,3.360087,0.48419937,3
2634,0.26691142,0.7235387,4
2635,1.9936004,0.54303104,5
2636,2.4753048,0.49615183,6
2637,2.8745255,0.52360696,7
2638,3.8154545,0.81944495,8
2639,1.8090172,0.2621916,9
2640,5.0102043,0.2654287,0
2641,2.5291789,0.36484244,1
2642,0.44633135,0.51673824,2
2643,2.6573496,0.119699776,3
2644,0.18152802,0.8624933,4
2645,1.1817588,0.34280974,5
2646,2.0201216,0.610932,6
2647,3.4793944,0.40710923,7
2648,4.4434977,0.3799199,8
2649,1.7338861,0.39005917,9
2650,2.9732025,0.7596996,0
2651,2.5200558,0.48585638,1
2652,0.7992309,0.10025888,2
2653,1.8256795,0.2738689,3
2654,0.29233006,0.86779237,4
2655,1.2797724,0.6554106,5
2656,2.1207523,0.522331,6
2657,1.690117,0.25335962,7
2658,2.1190643,0.18271112,8
2659,1.4386296,0.2501521,9
2660,5.895469,0.73633975,0
2661,2.7541022,0.19457036,1
2662,0.52206373,0.05955145,2
2663,1.7194806,0.3882351,3
2664,0.25999528,0.353841,4
2665,1.6891415,0.13378294,5
2666,1.8006918,0.6915598,6
2667,3.1154613,0.4911899,7
2668,2.3905265,0.458546,8
2669,1.6291804,0.6041111,9
2670,4.9944057,0.43328518,0
2671,3.1397614,0.39266828,1
2672,0.4552821,0.37234426,2
2673,3.965857,0.7393615,3
2674,0.18130682,0.6117042,4
2675,1.7144396,0.5826479,5
2676,2.9536672,0.44238794,6
2677,6.6970916,0.24794458,7
2678,1.3831567,0.7633128,8
2679,1.9784553,0.14469773,9
2680,4.7506514,0.5974807,0
2681,1.6594269,0.7099811,1
2682,0.9329536,0.045015972,2
2683,5.025612,0.18290435,3
2684,0.41422135,0.7020455,4
2685,1.4171147,0.6635527,5
2686,2.3805246,0.79424745,6
2687,2.4453516,0.121536024,7
2688,2.124093,0.73205507,8
2689,1.6459703,0.4759469,9
2690,6.632515,0.22707,0
2691,3.0637314,0.2794369,1
2692,0.25397193,0.61334026,2
2693,1.5575655,0.68448853,3
2694,0.20568085,0.71382016,4
2695,1.567245,0.2526001,5
2696,1.6939156,0.63874835,6
2697,3.1532402,0.25207153,7
2698,3.3255723,0.6047642,8
2699,1.7899741,0.23620269,9
2700,4.1648703,0.5054767,0
2701,3.4680674,0.17658147,1
2702,0.5507586,0.26533023,2
2703,2.0161743,0.8214428,3
2704,0.15956014,0.73520017,4
2705,1.6741996,0.107795306,5
2706,3.436562,0.2743187,6
2707,1.48003,0.60343707,7
2708,3.286768,0.12367669,8
2709,1.2889636,0.39943957,9
2710,3.2108316,0.23734307,0
2711,1.5380086,0.8854097,1
2712,1.0808617,0.116123974,2
2713,4.351054,0.10162703,3
2714,0.30112925,0.9145321,4
2715,2.2509165,0.12396033,5
2716,1.7164541,0.95271933,6
2717,4.2725925,0.46108612,7
2718,2.6749363,0.52896345,8
2719,1.908287,0.1544273,9
2720,6.236441,0.24305907,0
2721,2.0486534,0.12973933,1
2722,0.8474315,0.26246062,2
2723,3.2636156,0.22897072,3
2724,0.17602807,0.5026703,4
2725,1.5398829,0.4794127,5
2726,3.108037,0.7551083,6
2727,5.0634413,0.16837318,7
2728,3.2363791,0.48048967,8
2729,1.4904071,0.5756557,9
2730,3.1084743,0.3455919,0
2731,2.7084713,0.1605483,1
2732,0.61316246,0.47135046,2
2733,3.7095485,0.501207,3
2734,0.14772134,0.5578351,4
2735,1.3465931,0.56359905,5
2736,1.5230047,0.9369904,6
2737,3.0440342,0.6199543,7
2738,1.9843161,0.56489396,8
2739,1.7297775,0.4991623,9
2740,2.9446297,0.73131365,0
2741,1.3848366,0.112593904,1
2742,0.25979295,0.8497079,2
2743,3.7080607,0.28992414,3
2744,0.31888622,0.7145346,4
2745,1.457808,0.77869284,5
2746,2.1021535,0.5234888,6
2747,3.901061,0.21615867,7
2748,2.3267078,0.48719743,8
2749,0.9689936,0.6788833,9
2750,4.8905377,0.111530565,0
2751,1.9248742,0.90647703,1
2752,0.23586036,0.74743855,2
2753,1.7796941,0.79322976,3
2754,0.26955596,0.57897955,4
2755,1.2526262,0.753094,5
2756,3.4736595,0.73585194,6
2757,6.3906665,0.077608846,7
2758,3.043817,0.12310007,8
2759,1.2713506,0.20481072,9
2760,5.1196938,0.746834,0
2761,1.7026824,0.15641914,1
2762,0.41446868,0.8601703,2
2763,3.5732012,0.07465841,3
2764,0.21512914,0.87858945,4
2765,0.5459113,0.7628261,5
2766,1.5279334,0.895109,6
2767,4.8357844,0.15074699,7
2768,3.216827,0.24419662,8
2769,1.3659673,0.24891283,9
2770,5.314346,0.53488255,0
2771,1.3831515,0.9658641,1
2772,0.5500308,0.32593203,2
2773,3.2981615,0.2854005,3
2774,0.34936148,0.6136903,4
2775,1.7286218,0.46947357,5
2776,1.5436541,0.8304896,6
2777,4.785281,0.3602863,7
2778,2.4213567,0.3613359,8
2779,2.2779508,0.08477827,9
2780,4.134339,0.17579192,0
2781,2.640377,0.57295984,1
2782,0.5287028,0.5101953,2
2783,2.4670281,0.5705303,3
2784,0.23525007,0.4744046,4
2785,1.286555,0.3426104,5
2786,2.5863001,0.53445935,6
2787,4.165785,0.047794625,7
2788,1.9564241,0.5460613,8
2789,2.3136892,0.2108301,9
2790,3.4616475,0.60794276,0
2791,2.4648564,0.22703066,1
2792,0.74068344,0.060596358,2
2793,2.4560432,0.7283698,3
2794,0.23334377,0.84413964,4
2795,1.6100862,0.7377278,5
2796,1.177196,0.9499356,6
2797,5.5301037,0.30532044,7
2798,4.1620483,0.34161386,8
2799,1.5284953,0.68047786,9
2800,5.5012903,0.78924066,0
2801,1.6013308,0.906545,1
2802,0.552863,0.32929617,2
2803,3.424878,0.07601234,3
2804,0.24547772,0.25112978,4
2805,1.325218,0.12877408,5
2806,2.2090893,0.17047678,6
2807,4.328665,0.24880861,7
2808,1.5573223,0.7470517,8
2809,0.78546435,0.21896622,9
2810,3.6424131,0.7511752,0
2811,2.4101987,0.026110366,1
2812,0.531375,0.38267854,2
2813,2.9156165,0.11593438,3
2814,0.1528664,0.40790117,4
2815,1.5302633,0.43720543,5
2816,1.766019,0.7366455,6
2817,1.8201454,0.23341838,7
2818,3.7393723,0.5140193,8
2819,1.6341377,0.3282863,9
2820,2.9444675,0.75039166,0
2821,3.3619156,0.3229489,1
2822,0.5932228,0.17566454,2
2823,3.0538502,0.8220865,3
2824,0.3344858,0.94209635,4
2825,1.8102112,0.5540632,5
2826,2.0266297,0.42272615,6
2827,3.7479024,0.1332078,7
2828,1.8162904,0.6144521,8
2829,2.0843284,0.15265144,9
2830,6.6606216,0.761333,0
2831,1.9753199,0.20612419,1
2832,0.60673547,0.28053746,2
2833,3.1463506,0.6942549,3
2834,0.28130937,0.44756562,4
2835,1.8138672,0.7773461,5
2836,1.8957287,0.63097715,6
2837,6.16273,0.050947297,7
2838,2.0799365,0.5255137,8
2839,1.9723299,0.3624894,9
2840,5.0862336,0.43812603,0
2841,2.0561035,0.225507,1
2842,0.70816505,0.34141344,2
2843,2.857567,0.15590173,3
2844,0.24416827,0.3351106,4
2845,1.8765098,0.122965515,5
2846,2.3245523,0.6173844,6
2847,2.4828317,0.37263802,7
2848,2.8710537,0.31163555,8
2849,2.4466877,0.05555911,9
2850,3.9433708,0.7703053,0
2851,2.455264,0.27603123,1
2852,0.51131797,0.65190816,2
2853,2.96267,0.32554388,3
2854,0.2394455,0.87497634,4
2855,1.2853502,0.22791325,5
2856,1.5149093,0.92664045,6
2857,7.7198405,0.19068128,7
2858,1.7289776,0.8024886,8
2859,1.4596094,0.11049449,9
2860,7.999381,0.7943535,0
2861,1.5499539,0.7855895,1
2862,0.3865828,0.6278432,2
2863,3.9936807,0.22198959,3
2864,0.13118172,0.6514981,4
2865,1.4269981,0.057458907,5
2866,2.3727899,0.56363374,6
2867,4.3831453,0.4154569,7
2868,2.010175,0.906382,8
2869,0.94853467,0.5296475,9
2870,4.0637083,0.8818094,0
2871,2.511012,0.25450897,1
2872,0.4099295,0.19440974,2
2873,4.1708527,0.43466616,3
2874,0.18494186,0.528893,4
2875,1.9470661,0.3115551,5
2876,4.074672,0.73814017,6
2877,1.3685629,0.45376036,7
2878,4.5161986,0.1777888,8
2879,1.9596869,0.31286308,9
2880,6.4134674,0.062266156,0
2881,2.1714175,0.7734474,1
2882,0.397836,0.57209027,2
2883,3.3878062,0.77454513,3
2884,0.2251774,0.93593067,4
2885,1.9902635,0.048993416,5
2886,1.4825858,0.4572346,6
2887,3.817659,0.8360968,7
2888,1.7995697,0.69011444,8
2889,1.319721,0.5269089,9
2890,3.2091687,0.5049808,0
2891,2.8965523,0.29984403,1
2892,0.62122273,0.097768486,2
2893,3.9156966,0.63616425,3
2894,0.19550428,0.8153968,4
2895,1.2258385,0.25815526,5
2896,1.2507062,0.82243294,6
2897,4.4646196,0.42544958,7
2898,1.466079,0.28927997,8
2899,1.5966225,0.69812983,9
2900,5.6275606,0.23359449,0
2901,2.290896,0.3413704,1
2902,0.8098986,0.17956887,2
2903,4.722699,0.78378093,3
2904,0.20435421,0.3732776,4
2905,0.7729379,0.69107074,5
2906,2.4413035,0.72657514,6
2907,3.944039,0.26543286,7
2908,2.7000487,0.8779266,8
2909,1.0631337,0.68709224,9
2910,5.107651,0.33512598,0
2911,2.5598698,0.15443972,1
2912,0.45095813,0.502343,2
2913,5.383011,0.29381567,3
2914,0.2088225,0.6112663,4
2915,1.1807272,0.6448349,5
2916,2.231347,0.6508788,6
2917,3.1508574,0.63306457,7
2918,4.3213305,0.7590978,8
2919,0.9168378,0.56350946,9
2920,4.8226976,0.3084071,0
2921,1.7620754,0.61035365,1
2922,0.679419,0.19169945,2
2923,4.0175586,0.23047625,3
2924,0.10715417,0.48498532,4
2925,1.4885288,0.28470084,5
2926,1.3334608,0.85774386,6
2927,4.1702724,0.10900491,7
2928,1.1735256,0.56313217,8
2929,1.4859796,0.28576788,9
2930,6.085654,0.87864673,0
2931,2.2152646,0.67691684,1
2932,0.62322927,0.17326109,2
2933,3.83052,0.8680775,3
2934,0.18050566,0.8076293,4
2935,1.5045085,0.1867889,5
2936,2.2035463,0.13691624,6
2937,2.300303,0.37774262,7
2938,2.41493,0.32917324,8
2939,2.0860727,0.042850994,9
2940,4.681245,0.65256095,0
2941,2.6411996,0.20921144,1
2942,0.5650044,0.22109094,2
2943,3.246,0.39639577,3
2944,0.12771988,0.5281848,4
2945,1.2929702,0.15667811,5
2946,2.0674882,0.61349297,6
2947,3.4623513,0.3346286,7
2948,2.687931,0.41710156,8
2949,1.0505695,0.5548941,9
2950,6.7028623,0.5975504,0
2951,2.1844091,0.28589076,1
2952,0.69095725,0.17091942,2
2953,2.912372,0.48653924,3
2954,0.21352261,0.17654224,4
2955,1.3627464,0.8895248,5
2956,1.4465725,0.731078,6
2957,1.4177455,0.42518398,7
2958,2.6246781,0.3411141,8
2959,2.8455324,0.4650467,9
2960,4.8593,0.31263685,0
2961,3.240097,0.09177733,1
2962,0.4988935,0.13162597,2
2963,2.8276258,0.4692812,3
2964,0.19572167,0.5211486,4
2965,1.7317672,0.7270949,5
2966,1.3711884,0.77843034,6
2967,5.757792,0.06394557,7
2968,3.487832,0.32391316,8
2969,1.4770257,0.21344246,9
2970,6.606204,0.56759405,0
2971,2.8095798,0.37984136,1
2972,0.95575905,0.4688461,2
2973,2.488363,0.52687687,3
2974,0.13488755,0.5466154,4
2975,1.5524532,0.40569738,5
2976,2.3197114,0.55806077,6
2977,5.2325106,0.37033322,7
2978,2.7910364,0.4210288,8
2979,1.5878699,0.90041286,9
2980,3.5191777,0.43234873,0
2981,2.2351902,0.08417193,1
2982,0.80334955,0.1104559,2
2983,2.2063937,0.5875241,3
2984,0.25172895,0.57648593,4
2985,1.0258199,0.80374455,5
2986,3.2152464,0.4492653,6
2987,3.7398562,0.20402291,7
2988,2.4948452,0.4920158,8
2989,1.4527993,0.6739254,9
2990,4.2630444,0.76779586,0
2991,2.9670458,0.26944333,1
2992,0.4998356,0.33819255,2
2993,2.6677623,0.72843957,3
2994,0.22109361,0.4081053,4
2995,1.2668476,0.72292984,5
2996,2.2742045,0.8435306,6
2997,6.9883494,0.16588044,7
2998,2.7541356,0.23374774,8
2999,1.8728322,0.4757672,9
3000,3.2568464,0.50828874,0
3001,3.0325823,0.15992798,1
3002,0.4394071,0.6177986,2
3003,5.311799,0.24127531,3
3004,0.086087495,0.21752577,4
3005,1.5641623,0.72471404,5
3006,1.1143006,0.75097793,6
3007,3.221886,0.22897246,7
3008,2.4767044,0.90645653,8
3009,1.6517553,0.20901696,9
3010,5.528572,0.3806581,0
3011,1.7490633,0.2658683,1
3012,0.40361995,0.7157131,2
3013,3.4111738,0.426005,3
3014,0.16723746,0.39519265,4
3015,1.1041272,0.3558429,5
3016,1.3028191,0.96968573,6
3017,7.496418,0.3424464,7
3018,2.9789007,0.78511363,8
3019,1.5119679,0.61162573,9
3020,3.5065458,0.16240789,0
3021,2.1682138,0.0628565,1
3022,0.1755071,0.83387846,2
3023,1.3183627,0.4302002,3
3024,0.27664804,0.6947086,4
3025,0.9170548,0.3944516,5
3026,1.4553149,0.94139034,6
3027,6.018772,0.014024803,7
3028,2.5445213,0.234715,8
3029,2.1597097,0.123076156,9
3030,3.6861434,0.87423855,0
3031,2.029078,0.39178488,1
3032,0.3372517,0.4085456,2
3033,3.683864,0.6812888,3
3034,0.28541574,0.95929205,4
3035,1.0447164,0.5485816,5
3036,3.4413507,0.47099212,6
3037,5.172663,0.11623579,7
3038,1.8699707,0.34812295,8
3039,0.982847,0.59935915,9
3040,4.8604884,0.76487255,0
3041,2.3444326,0.31587029,1
3042,0.4656983,0.8185824,2
3043,3.2900505,0.24628907,3
3044,0.18839046,0.6295696,4
3045,1.1361734,0.7322796,5
3046,2.4613166,0.34895492,6
3047,2.128502,0.15796694,7
3048,4.781833,0.19895352,8
3049,1.4164871,0.78004557,9
3050,4.6123657,0.5501417,0
3051,1.9888288,0.42508498,1
3052,0.7969114,0.08570057,2
3053,2.4312441,0.8578428,3
3054,0.2723461,0.84027135,4
3055,1.7803044,0.59093356,5
3056,1.1276087,0.6704879,6
3057,5.1391296,0.45408076,7
3058,3.0874605,0.20968626,8
3059,1.4018385,0.39116636,9
3060,4.2359734,0.7012943,0
3061,2.4681187,0.44647595,1
3062,0.7996216,0.1822186,2
3063,1.8652059,0.36049268,3
3064,0.31047606,0.76332694,4
3065,1.6118007,0.5244324,5
3066,1.6240585,0.744998,6
3067,1.3604497,0.5869774,7
3068,2.713369,0.60402304,8
3069,1.2882144,0.4233455,9
3070,5.885248,0.41761523,0
3071,1.8617052,0.3054957,1
3072,0.88738394,0.028568069,2
3073,3.2942781,0.59314764,3
3074,0.37125772,0.68413925,4
3075,1.2790698,0.61671877,5
3076,2.7936127,0.6307258,6
3077,1.6608891,0.36565396,7
3078,1.5778841,0.17276971,8
3079,1.0075336,0.6336948,9
3080,5.3865047,0.899224,0
3081,2.3987546,0.5046251,1
3082,0.34469223,0.5207584,2
3083,3.5606325,0.41225848,3
3084,0.24337792,0.76936835,4
3085,1.341161,0.63820136,5
3086,1.3399124,0.4901552,6
3087,5.507909,0.38216776,7
3088,3.213688,0.45583805,8
3089,1.7472118,0.30014718,9
3090,3.1553018,0.27707875,0
3091,1.6658905,0.255152,1
3092,0.40794745,0.5115072,2
3093,2.4961898,0.3894991,3
3094,0.27098793,0.76088625,4
3095,1.1938809,0.48385245,5
3096,1.0741439,0.76444876,6
3097,1.3880551,0.23333585,7
3098,2.31089,0.75382906,8
3099,1.1788832,0.22281972,9
3100,3.815507,0.18320999,0
3101,2.257292,0.44018734,1
3102,0.7758733,0.18115605,2
3103,3.3367825,0.31064808,3
3104,0.2414076,0.2944879,4
3105,1.6056179,0.35091507,5
3106,1.631261,0.73350614,6
3107,1.7615439,0.082297154,7
3108,1.9693015,0.49461493,8
3109,1.1334844,0.5253208,9
3110,6.8423014,0.3755455,0
3111,3.7135003,0.01884062,1
3112,0.29294592,0.7953671,2
3113,2.6054146,0.25488138,3
3114,0.23619488,0.8817364,4
3115,1.4259015,0.5489161,5
3116,1.2613292,0.5404124,6
3117,1.4933873,0.3173412,7
3118,2.1340046,0.7375026,8
3119,2.0942705,0.23948306,9
3120,3.7598057,0.5633274,0
3121,2.817018,0.3576311,1
3122,0.45969242,0.34321833,2
3123,2.892506,0.25488627,3
3124,0.21892944,0.4493813,4
3125,1.8086061,0.5305065,5
3126,1.5276318,0.6897248,6
3127,4.3277583,0.17718588,7
3128,3.2524884,0.69722295,8
3129,1.4503301,0.34115726,9
3130,3.3718073,0.9040734,0
3131,2.285743,0.5892907,1
3132,0.93234444,0.084829606,2
3133,3.4042013,0.5828831,3
3134,0.14916925,0.35578632,4
3135,1.8129987,0.03530483,5
3136,1.363306,0.8216086,6
3137,3.1654217,0.45466152,7
3138,1.8845077,0.34611547,8
3139,1.5739934,0.65137774,9
3140,2.1042745,0.4003829,0
3141,1.4454484,0.51714015,1
3142,0.34330827,0.7759763,2
3143,2.794137,0.32518494,3
3144,0.20964192,0.8604906,4
3145,1.2083207,0.13007957,5
3146,2.2994432,0.6266607,6
3147,4.828002,0.112499945,7
3148,3.3718503,0.5481479,8
3149,1.3753377,0.16558069,9
3150,5.4282184,0.5933082,0
3151,2.9780774,0.14262106,1
3152,1.0293355,0.06588773,2
3153,2.385896,0.09460028,3
3154,0.08951439,0.24789377,4
3155,1.5132847,0.2615758,5
3156,1.1534126,0.9477625,6
3157,3.365656,0.12671317,7
3158,3.8061836,0.34706602,8
3159,1.6858251,0.40082636,9
3160,5.8553505,0.50707835,0
3161,3.8251994,0.33091852,1
3162,0.4095515,0.79965734,2
3163,1.8149908,0.76041,3
3164,0.28879914,0.7855063,4
3165,1.6894865,0.17545538,5
3166,0.78675663,0.94855076,6
3167,5.3443184,0.0905119,7
3168,1.8506348,0.7477866,8
3169,2.0693476,0.30968273,9
3170,3.6382697,0.86014146,0
3171,1.6524345,0.49813882,1
3172,0.99815995,0.2732335,2
3173,1.7012944,0.8335473,3
3174,0.21774787,0.4807819,4
3175,1.0372924,0.18749774,5
3176,2.9580393,0.5521234,6
3177,4.064642,0.32847533,7
3178,2.6630497,0.77550405,8
3179,0.98683804,0.52724725,9
3180,4.787459,0.6063923,0
3181,1.9373268,0.5311355,1
3182,0.49189854,0.6014634,2
3183,3.8285315,0.3492118,3
3184,0.14138284,0.66936535,4
3185,1.3545723,0.63988715,5
3186,2.0288255,0.6088188,6
3187,0.93108845,0.3104696,7
3188,2.2141864,0.545152,8
3189,0.9638703,0.37710604,9
3190,4.449527,0.56067806,0
3191,1.3293415,0.6457329,1
3192,0.8783574,0.10000953,2
3193,3.1502783,0.63863677,3
3194,0.2375669,0.79821986,4
3195,0.9618503,0.3408191,5
3196,2.92182,0.13650842,6
3197,3.2591212,0.18352334,7
3198,2.8820343,0.9010508,8
3199,1.4892552,0.306889,9
3200,4.5297356,0.18700807,0
3201,2.4665952,0.1706692,1
3202,0.5902913,0.15037824,2
3203,3.409128,0.4560898,3
3204,0.22683538,0.54846185,4
3205,1.3287884,0.7532094,5
3206,1.7581365,0.57991916,6
3207,2.5363169,0.17314003,7
3208,2.6693358,0.32932678,8
3209,1.9655167,0.39456543,9
3210,5.7646017,0.5840043,0
3211,1.5196519,0.65915966,1
3212,0.5835382,0.3291581,2
3213,5.00386,0.89757377,3
3214,0.20628385,0.63760704,4
3215,2.7159536,0.08042667,5
3216,2.796835,0.5945652,6
3217,3.6346793,0.33661327,7
3218,1.2634842,0.5707713,8
3219,1.4844868,0.19410105,9
3220,4.010603,0.7359484,0
3221,2.082084,0.28758374,1
3222,0.55115217,0.48961678,2
3223,2.9895058,0.80768055,3
3224,0.22070156,0.56541127,4
3225,1.4102342,0.27203906,5
3226,3.5888183,0.22708188,6
3227,4.0195217,0.17865272,7
3228,2.597504,0.73057806,8
3229,1.1045965,0.79434377,9
3230,2.1377351,0.7383934,0
3231,1.9703455,0.29335913,1
3232,0.73061204,0.2188277,2
3233,2.891203,0.14255475,3
3234,0.20550755,0.5456282,4
3235,1.6750766,0.17449903,5
3236,1.0082234,0.4667196,6
3237,2.5996234,0.40040514,7
3238,3.543108,0.35537452,8
3239,1.294666,0.28924045,9
3240,3.6422813,0.79381615,0
3241,1.953326,0.25371623,1
3242,0.34143257,0.79719704,2
3243,3.031971,0.53371036,3
3244,0.25797522,0.70761424,4
3245,0.87989575,0.42350212,5
3246,2.5259051,0.755711,6
3247,3.0555077,0.46416783,7
3248,1.8284256,0.87869364,8
3249,0.81272715,0.46703708,9
3250,4.024801,0.6419243,0
3251,2.300714,0.56830657,1
3252,0.52345145,0.40502518,2
3253,3.2607312,0.9723684,3
3254,0.24081156,0.31722367,4
3255,1.844619,0.2237055,5
3256,3.304888,0.44954967,6
3257,6.0704017,0.057202436,7
3258,2.192478,0.32838568,8
3259,1.1537703,0.025115596,9
3260,4.4561462,0.3772215,0
3261,2.216427,0.6784152,1
3262,0.50737774,0.17386767,2
3263,2.6771846,0.77635074,3
3264,0.10947856,0.31539702,4
3265,1.5691764,0.49504033,5
3266,2.9356887,0.42313042,6
3267,2.037963,0.30768466,7
3268,2.2758,0.69366264,8
3269,0.8145636,0.47677433,9
3270,4.1918583,0.21908891,0
3271,1.4899704,0.60726243,1
3272,0.75113857,0.04355774,2
3273,3.6282496,0.819802,3
3274,0.22243896,0.45783818,4
3275,1.1052369,0.61183923,5
3276,2.6147506,0.7300938,6
3277,3.1167495,0.054990668,7
3278,1.8365722,0.35157123,8
3279,1.6588013,0.40158752,9
3280,6.0433235,0.3996374,0
3281,3.6539843,0.37450704,1
3282,0.83691925,0.10126359,2
3283,2.878665,0.45912737,3
3284,0.22699487,0.6800566,4
3285,1.0055628,0.63247776,5
3286,1.4920663,0.8094962,6
3287,3.8164558,0.23944192,7
3288,2.8315113,0.486358,8
3289,1.0713272,0.6703502,9
3290,6.9583826,0.26384515,0
3291,2.1458852,0.7904158,1
3292,0.603045,0.16295463,2
3293,4.1034503,0.78693104,3
3294,0.33190128,0.9092372,4
3295,1.673315,0.40940538,5
3296,1.5058583,0.73150957,6
3297,2.848588,0.21908334,7
3298,1.5762012,0.5275112,8
3299,1.838354,0.3933112,9
3300,3.6837554,0.49497235,0
3301,2.635875,0.42370105,1
3302,0.51128876,0.3041755,2
3303,2.818475,0.72239137,3
3304,0.17901929,0.42268166,4
3305,0.94648564,0.93846804,5
3306,1.578419,0.8084944,6
3307,4.5509644,0.19518068,7
3308,3.0311403,0.35875434,8
3309,1.1796138,0.1751661,9
3310,5.593975,0.1828819,0
3311,2.1875439,0.38178527,1
3312,0.5777297,0.42317465,2
3313,4.0582523,0.3174568,3
3314,0.2703232,0.9609471,4
3315,1.4604836,0.76416093,5
3316,1.5657785,0.7063621,6
3317,6.5412908,0.08184661,7
3318,3.80558,0.24111278,8
3319,1.5769787,0.24262913,9
3320,2.3845754,0.9141261,0
3321,2.635995,0.38906354,1
3322,0.5499573,0.40469912,2
3323,4.3665757,0.839185,3
3324,0.16734344,0.19310267,4
3325,1.8093508,0.55859125,5
3326,1.9449638,0.46142283,6
3327,5.3805094,0.12541571,7
3328,4.0368066,0.66640294,8
3329,1.5455956,0.27380934,9
3330,2.3325744,0.5121485,0
3331,2.7632542,0.080245696,1
3332,0.52742565,0.2404808,2
3333,4.0959706,0.19730724,3
3334,0.1772111,0.81846577,4
3335,1.4865063,0.6439962,5
3336,2.197348,0.6393644,6
3337,5.2602262,0.147488,7
3338,2.1750686,0.43598464,8
3339,1.6292317,0.38735873,9
3340,3.5078695,0.34300336,0
3341,1.4819516,0.2871955,1
3342,0.4797215,0.293322,2
3343,3.1643791,0.20365077,3
3344,0.21280071,0.921719,4
3345,1.8987781,0.08102358,5
3346,2.2357512,0.8451287,6
3347,3.9662428,0.32627717,7
3348,1.7710893,0.42503175,8
3349,1.7352654,0.81871486,9
3350,7.191021,0.41577607,0
3351,3.023766,0.025278853,1
3352,0.36675268,0.63297087,2
3353,5.051715,0.036671504,3
3354,0.16008967,0.63322043,4
3355,1.7123203,0.30438784,5
3356,1.812531,0.7709931,6
3357,4.6366906,0.04968731,7
3358,2.4461422,0.22886807,8
3359,1.2558115,0.23152602,9
3360,4.2356114,0.48479697,0
3361,1.9069875,0.8537723,1
3362,0.46836954,0.386505,2
3363,2.6336803,0.70165545,3
3364,0.28851473,0.8104906,4
3365,0.949756,0.33039623,5
3366,0.6627714,0.7116299,6
3367,3.4240584,0.11390622,7
3368,1.7188154,0.78705907,8
3369,1.7602382,0.22810708,9
3370,4.591864,0.21476857,0
3371,2.2925465,0.42153385,1
3372,0.5973171,0.43257302,2
3373,4.3315725,0.25039053,3
3374,0.24286209,0.709582,4
3375,1.8251536,0.21889308,5
3376,3.3475792,0.8273279,6
3377,3.6630394,0.650678,7
3378,2.8989668,0.13640918,8
3379,2.431637,0.45761624,9
3380,3.3225439,0.54919773,0
3381,3.3517332,0.39626446,1
3382,0.4667048,0.41961712,2
3383,2.5790043,0.9113141,3
3384,0.20538576,0.44377416,4
3385,0.90891427,0.3123992,5
3386,1.3761288,0.79221505,6
3387,4.375347,0.29274002,7
3388,1.4232515,0.7501567,8
3389,1.664828,0.61471224,9
3390,6.0782576,0.3449158,0
3391,1.7582446,0.45185834,1
3392,0.32621917,0.5523426,2
3393,3.490942,0.36497563,3
3394,0.15047243,0.7274998,4
3395,1.542449,0.070178255,5
3396,1.3496449,0.8073214,6
3397,3.087873,0.111146726,7
3398,3.2190511,0.77578884,8
3399,1.7089814,0.21702263,9
3400,3.6339948,0.3691755,0
3401,1.3022838,0.6481036,1
3402,0.41213754,0.633049,2
3403,3.3782337,0.34596264,3
3404,0.34174794,0.89473015,4
3405,1.8919402,0.12055621,5
3406,1.1865057,0.7924034,6
3407,2.6413152,0.21157418,7
3408,1.6027367,0.75619996,8
3409,1.1448658,0.29188883,9
3410,5.213967,0.70151585,0
3411,2.2023716,0.45617625,1
3412,0.38562045,0.8784819,2
3413,2.9922419,0.70200235,3
3414,0.23446308,0.6222312,4
3415,1.0751213,0.46951723,5
3416,1.628443,0.65430987,6
3417,1.7147553,0.7500591,7
3418,1.2534921,0.4866713,8
3419,2.4169753,0.08723742,9
3420,4.6455746,0.48471138,0
3421,3.2816231,0.15226717,1
3422,0.53777957,0.26941043,2
3423,4.6428847,0.67795795,3
3424,0.30915737,0.48893142,4
3425,1.2546973,0.44195798,5
3426,1.1822225,0.9352569,6
3427,4.0209303,0.22039752,7
3428,4.0036616,0.2783496,8
3429,1.0949907,0.40256405,9
3430,3.660931,0.23290664,0
3431,1.6270964,0.5714835,1
3432,0.6480617,0.2561293,2
3433,3.1603513,0.87019217,3
3434,0.4253388,0.8730185,4
3435,1.6508343,0.36568642,5
3436,1.9997628,0.34992233,6
3437,1.7910538,0.54549336,7
3438,1.8448199,0.2856829,8
3439,2.1122692,0.116314486,9
3440,6.0705366,0.42228436,0
3441,2.4963684,0.2836673,1
3442,0.92024857,0.14789361,2
3443,5.4255204,0.73619765,3
3444,0.36210045,0.88269544,4
3445,1.1498668,0.8058568,5
3446,1.2638472,0.6977875,6
3447,6.7888355,0.58239436,7
3448,2.7463756,0.55417085,8
3449,1.0648046,0.5826526,9
3450,6.122555,0.19893675,0
3451,2.310923,0.1460346,1
3452,0.34580317,0.72337323,2
3453,2.310675,0.55611765,3
3454,0.10236251,0.08073354,4
3455,2.255429,0.34747815,5
3456,1.8218992,0.7666925,6
3457,4.7960424,0.25219592,7
3458,1.6449362,0.6555991,8
3459,0.93782276,0.520023,9
3460,4.4899936,0.40791956,0
3461,2.3446462,0.49911678,1
3462,0.6389361,0.3452974,2
3463,3.0253673,0.6379538,3
3464,0.27351925,0.7609589,4
3465,1.975349,0.13880369,5
3466,0.9269207,0.6463202,6
3467,5.0433245,0.05219169,7
3468,2.352741,0.75463563,8
3469,1.7862425,0.55721515,9
3470,4.9704747,0.4621125,0
3471,3.128641,0.17506976,1
3472,0.50300944,0.59256333,2
3473,2.4080381,0.7172554,3
3474,0.21953322,0.58465475,4
3475,1.1000334,0.15699717,5
3476,2.8192184,0.6009325,6
3477,4.995934,0.35186142,7
3478,2.1950374,0.4937718,8
3479,1.1204057,0.6440394,9
3480,4.0357995,0.18581326,0
3481,2.214685,0.25903788,1
3482,0.3946075,0.6534559,2
3483,3.262844,0.6333039,3
3484,0.2918377,0.85896796,4
3485,1.2946771,0.49943766,5
3486,2.8835833,0.489943,6
3487,4.1717167,0.21330115,7
3488,2.9592326,0.50225455,8
3489,1.0299317,0.20969746,9
3490,6.4061875,0.1847518,0
3491,1.0825725,0.78641164,1
3492,0.6394018,0.23421463,2
3493,3.1781116,0.62627435,3
3494,0.13705195,0.69566983,4
3495,1.4289649,0.5108273,5
3496,2.3673403,0.47232217,6
3497,3.102817,0.1400646,7
3498,2.432836,0.6027521,8
3499,1.8108335,0.5139765,9
3500,4.0718775,0.34092295,0
3501,0.96209675,0.82754505,1
3502,0.5297386,0.779524,2
3503,3.881795,0.7986016,3
3504,0.17911473,0.17106402,4
3505,1.1015235,0.8092285,5
3506,3.19824,0.6640095,6
3507,2.8013797,0.43989825,7
3508,2.2078762,0.28713524,8
3509,1.4071332,0.16298547,9
3510,6.58042,0.34297267,0
3511,2.2049248,0.3164949,1
3512,0.438124,0.4494174,2
3513,3.5908735,0.15993585,3
3514,0.17268823,0.7861283,4
3515,1.235084,0.51539195,5
3516,2.0865324,0.7537712,6
3517,4.177905,0.05361522,7
3518,2.1350403,0.8653523,8
3519,1.4746511,0.7598483,9
3520,7.6267433,0.3347397,0
3521,1.9074649,0.5114886,1
3522,0.3493676,0.6201799,2
3523,3.6280825,0.3027211,3
3524,0.15530126,0.5316168,4
3525,1.3905077,0.35297486,5
3526,1.750529,0.78944486,6
3527,3.015448,0.1963707,7
3528,4.718006,0.19441482,8
3529,1.2182472,0.5077459,9
3530,6.5177526,0.048508976,0
3531,2.8453746,0.73054814,1
3532,0.6041955,0.18566798,2
3533,1.7259107,0.76858866,3
3534,0.27544376,0.78722906,4
3535,2.2490926,0.12557383,5
3536,3.4361272,0.2911115,6
3537,4.264514,0.11125177,7
3538,3.56745,0.2728564,8
3539,1.4710038,0.4526523,9
3540,4.626232,0.41287234,0
3541,3.828816,0.17999214,1
3542,0.34823614,0.80415756,2
3543,5.255527,0.3322733,3
3544,0.27657294,0.7806691,4
3545,0.99313354,0.47320738,5
3546,3.0216742,0.24670133,6
3547,2.8013644,0.0846186,7
3548,3.5415604,0.65434283,8
3549,2.0300488,0.09184908,9
3550,3.8029914,0.48462832,0
3551,2.0027964,0.19824176,1
3552,0.74423885,0.092540115,2
3553,1.6881229,0.86665493,3
3554,0.21122244,0.46400288,4
3555,1.9112093,0.06988913,5
3556,3.7506113,0.5500114,6
3557,3.273754,0.18480544,7
3558,1.912309,0.86717546,8
3559,2.1622036,0.25716972,9
3560,5.493443,0.8758606,0
3561,2.1981041,0.2852515,1
3562,0.58451676,0.042517163,2
3563,4.1395755,0.1967216,3
3564,0.22012211,0.8064785,4
3565,1.4514854,0.2577507,5
3566,0.9019229,0.4308906,6
3567,4.416131,0.14685085,7
3568,1.8704624,0.4915919,8
3569,1.3960706,0.19982283,9
3570,4.921586,0.58442974,0
3571,1.8016124,0.4770968,1
3572,0.58257973,0.21224385,2
3573,4.217592,0.45211273,3
3574,0.21119794,0.372252,4
3575,1.1537062,0.3817634,5
3576,2.1054611,0.62048876,6
3577,3.4933429,0.7190883,7
3578,3.6085773,0.45303097,8
3579,2.1313848,0.28445598,9
3580,3.270368,0.86755216,0
3581,1.6690769,0.8000273,1
3582,0.3686304,0.53172195,2
3583,3.691964,0.47653323,3
3584,0.14474125,0.23444706,4
3585,1.8125207,0.17998041,5
3586,1.2740185,0.78955793,6
3587,6.1218047,0.28573203,7
3588,2.6917877,0.22184291,8
3589,1.7825551,0.47449723,9
3590,5.7874846,0.28126985,0
3591,1.8604319,0.5836004,1
3592,0.509148,0.5626094,2
3593,3.7848089,0.42860574,3
3594,0.09682677,0.06754198,4
3595,1.3173292,0.4251858,5
3596,1.039301,0.76675,6
3597,5.627105,0.50237435,7
3598,1.4434725,0.24342753,8
3599,1.4787554,0.5220914,9
3600,4.777593,0.5494908,0
3601,2.181671,0.582345,1
3602,0.9503324,0.06314377,2
3603,5.5635076,0.12980668,3
3604,0.11733614,0.07708774,4
3605,1.8982167,0.37234116,5
3606,0.94228417,0.8809866,6
3607,6.2019377,0.20108743,7
3608,3.1871734,0.41701248,8
3609,1.3246208,0.5595271,9
3610,6.3234673,0.20226678,0
3611,2.053235,0.07805802,1
3612,0.44589353,0.61064434,2
3613,3.5893865,0.41999757,3
3614,0.13146326,0.39029923,4
3615,1.6005766,0.3959681,5
3616,1.3725322,0.94189495,6
3617,5.494796,0.63683146,7
3618,2.1704218,0.4494288,8
3619,2.1645782,0.55476296,9
3620,5.9234376,0.65553963,0
3621,2.0446393,0.05596007,1
3622,0.29549384,0.69827104,2
3623,3.695847,0.5189725,3
3624,0.16400732,0.36033568,4
3625,1.1939828,0.0663432,5
3626,1.3644998,0.74849147,6
3627,6.4943433,0.18529378,7
3628,2.4008555,0.44361416,8
3629,1.7554532,0.0888261,9
3630,3.6941755,0.79343444,0
3631,2.9078543,0.12792042,1
3632,0.67144805,0.26877904,2
3633,2.509606,0.173148,3
3634,0.23005357,0.60227334,4
3635,2.0430164,0.14455271,5
3636,1.4128828,0.5062985,6
3637,3.0481946,0.45625174,7
3638,3.102601,0.7825013,8
3639,1.0729713,0.8336303,9
3640,3.9879718,0.32801658,0
3641,2.3993497,0.68684095,1
3642,0.8294643,0.18222971,2
3643,2.814774,0.3045659,3
3644,0.19726373,0.8700304,4
3645,2.6579986,0.014206704,5
3646,1.9694786,0.8000254,6
3647,4.463052,0.10996067,7
3648,1.6254916,0.504965,8
3649,1.4209859,0.3831376,9
3650,4.0153494,0.75337565,0
3651,1.1890068,0.64431465,1
3652,0.52252126,0.5840044,2
3653,3.593063,0.9183562,3
3654,0.24265656,0.63935083,4
3655,1.5847541,0.35122404,5
3656,1.5803827,0.68449545,6
3657,3.4838157,0.25683156,7
3658,2.9804924,0.5847399,8
3659,0.9848274,0.056320235,9
3660,3.1382284,0.7281046,0
3661,1.2056808,0.6293241,1
3662,0.57726216,0.63876075,2
3663,3.117352,0.2774048,3
3664,0.24282774,0.3656966,4
3665,1.5857744,0.17826197,5
3666,2.8056703,0.7126683,6
3667,1.9692822,0.56163317,7
3668,2.5584662,0.47182614,8
3669,2.5284507,0.054443635,9
3670,5.7444935,0.56984204,0
3671,2.0412076,0.09955671,1
3672,0.38202155,0.6007775,2
3673,3.0863001,0.5565714,3
3674,0.13497578,0.29545033,4
3675,1.6105001,0.65298945,5
3676,1.036521,0.89411455,6
3677,2.5942726,0.7448979,7
3678,2.7680683,0.47125554,8
3679,1.3300123,0.4916383,9
3680,5.713093,0.4754491,0
3681,1.6778665,0.6616762,1
3682,0.6510318,0.150625,2
3683,2.0820804,0.9180314,3
3684,0.30221608,0.64988095,4
3685,1.7896287,0.5542325,5
3686,2.099687,0.6682082,6
3687,3.882035,0.35553387,7
3688,2.010099,0.6602408,8
3689,1.6932983,0.174714,9
3690,5.4064875,0.28244147,0
3691,1.9558914,0.5365399,1
3692,0.7065772,0.115793794,2
3693,4.4024925,0.94619155,3
3694,0.35142624,0.7257984,4
3695,1.0366441,0.5253171,5
3696,1.7764025,0.63363427,6
3697,3.2292523,0.22634025,7
3698,1.9724655,0.89536315,8
3699,1.3150032,0.3393575,9
3700,5.5518537,0.90530413,0
3701,0.9943564,0.6129202,1
3702,0.54313594,0.13353926,2
3703,2.5819173,0.43710575,3
3704,0.13531539,0.10167456,4
3705,1.8620675,0.32871658,5
3706,3.2269454,0.21319835,6
3707,1.7293228,0.65265965,7
3708,3.5901248,0.6090323,8
3709,1.6019517,0.46409953,9
3710,6.0889964,0.1055754,0
3711,1.9552133,0.8181673,1
3712,0.72380275,0.2038026,2
3713,3.473879,0.22453286,3
3714,0.24680823,0.70441353,4
3715,1.1659853,0.38921222,5
3716,1.0657444,0.890435,6
3717,2.0433028,0.43949488,7
3718,2.0131967,0.6897201,8
3719,0.75382704,0.89619267,9
3720,5.031061,0.59757686,0
3721,2.4146678,0.6874482,1
3722,0.5740199,0.2505165,2
3723,2.2128382,0.18996064,3
3724,0.19438384,0.3681756,4
3725,1.0873972,0.64377713,5
3726,1.1411749,0.97489357,6
3727,3.0595853,0.73094535,7
3728,3.0886297,0.84234947,8
3729,1.4368455,0.63013667,9
3730,2.296212,0.7405509,0
3731,1.6877376,0.8461312,1
3732,0.5335366,0.2524389,2
3733,1.8397957,0.7106074,3
3734,0.25691104,0.7468156,4
3735,1.4706507,0.43204233,5
3736,1.8180169,0.79162985,6
3737,3.602545,0.5750844,7
3738,2.202685,0.6908286,8
3739,1.4765583,0.18576862,9
3740,4.084825,0.5811941,0
3741,1.8801476,0.4234656,1
3742,0.42851493,0.7142651,2
3743,3.966994,0.48368216,3
3744,0.21903194,0.93597275,4
3745,1.9696789,0.35640782,5
3746,3.0374563,0.26246268,6
3747,4.143492,0.38893798,7
3748,1.794241,0.27686825,8
3749,1.3150375,0.6013978,9
3750,5.0056467,0.25791672,0
3751,1.833252,0.74460214,1
3752,0.2781805,0.9100755,2
3753,4.502844,0.4578004,3
3754,0.12433864,0.44412482,4
3755,1.4389782,0.572856,5
3756,3.8241653,0.20664723,6
3757,8.434394,0.030886596,7
3758,1.582818,0.74211174,8
3759,1.6401358,0.37343055,9
3760,2.6143897,0.81525564,0
3761,2.340463,0.23182648,1
3762,0.51435804,0.10463056,2
3763,2.3717508,0.68476003,3
3764,0.14788081,0.3116529,4
3765,1.7861781,0.27798086,5
3766,2.4576025,0.29679137,6
3767,3.9510818,0.2766235,7
3768,2.9180398,0.5692043,8
3769,0.96580076,0.56884354,9
3770,7.180889,0.33294898,0
3771,1.8512311,0.50787395,1
3772,0.90177053,0.094584696,2
3773,3.52752,0.24104325,3
3774,0.4300847,0.6113166,4
3775,1.391272,0.17885089,5
3776,1.3047676,0.9118423,6
3777,4.480427,0.21440326,7
3778,1.1284264,0.5602814,8
3779,1.5652819,0.8171912,9
3780,4.492131,0.25519323,0
3781,2.3390124,0.3667001,1
3782,0.5331642,0.2122425,2
3783,3.8692806,0.7723457,3
3784,0.13275836,0.9101029,4
3785,1.6367333,0.49392542,5
3786,2.0477238,0.8091319,6
3787,4.0177827,0.4476743,7
3788,3.218837,0.4878088,8
3789,1.7936137,0.06882751,9
3790,2.6373017,0.9482468,0
3791,2.4203222,0.10967127,1
3792,0.616877,0.82148975,2
3793,4.278622,0.7759577,3
3794,0.18910976,0.5311332,4
3795,1.4218432,0.70752895,5
3796,1.3997406,0.658991,6
3797,3.3788247,0.17587154,7
3798,3.6794157,0.942032,8
3799,1.2734407,0.39309403,9
3800,3.252777,0.8651344,0
3801,1.3089738,0.3484598,1
3802,0.582104,0.4503356,2
3803,2.3354921,0.5142131,3
3804,0.24074319,0.29798275,4
3805,1.5719454,0.39467555,5
3806,3.0260708,0.4190123,6
3807,5.644615,0.029410781,7
3808,2.1859248,0.2970341,8
3809,1.9344794,0.49178052,9
3810,2.8962085,0.5766178,0
3811,2.2718654,0.7753767,1
3812,0.3566916,0.852888,2
3813,2.1865215,0.6678847,3
3814,0.18332896,0.62939453,4
3815,1.3874977,0.4995586,5
3816,2.2973049,0.45575958,6
3817,4.9541397,0.59520245,7
3818,1.833828,0.8310702,8
3819,1.1329637,0.64023924,9
3820,3.773999,0.7320123,0
3821,2.8282838,0.46809646,1
3822,0.67038447,0.11797468,2
3823,3.739208,0.6476083,3
3824,0.3949122,0.61288494,4
3825,1.4931012,0.88285905,5
3826,1.1603333,0.5793356,6
3827,4.1712065,0.25128523,7
3828,2.515572,0.36256573,8
3829,1.1141105,0.8297167,9
3830,5.1452675,0.4209317,0
3831,2.1493688,0.59725714,1
3832,0.5326099,0.162696,2
3833,3.5827808,0.12711802,3
3834,0.33583507,0.49059308,4
3835,2.0751023,0.22936976,5
3836,2.762198,0.6380498,6
3837,1.6929374,0.5697656,7
3838,4.0298395,0.5279804,8
3839,2.089461,0.18193638,9
3840,6.8085628,0.4580993,0
3841,2.0814106,0.04491361,1
3842,0.5015187,0.4447177,2
3843,3.6283863,0.40784007,3
3844,0.17712928,0.40635496,4
3845,1.7692659,0.09831433,5
3846,3.1215467,0.5970653,6
3847,3.2723281,0.35905907,7
3848,1.7112348,0.3305619,8
3849,1.2295401,0.54952484,9
3850,3.0285761,0.63856524,0
3851,2.28187,0.738513,1
3852,1.1538702,0.07178617,2
3853,3.4202385,0.56610966,3
3854,0.19705726,0.26242337,4
3855,1.105207,0.63399774,5
3856,1.6429551,0.17605206,6
3857,6.4925127,0.28089276,7
3858,2.3904507,0.6109494,8
3859,2.5558095,0.36041814,9
3860,5.7914457,0.35844058,0
3861,2.5824113,0.07193974,1
3862,0.83681214,0.2867421,2
3863,2.3406234,0.3168944,3
3864,0.21395898,0.8367417,4
3865,1.4251902,0.5624072,5
3866,1.4060272,0.7158774,6
3867,4.105056,0.32764164,7
3868,2.5216799,0.16290005,8
3869,1.4247249,0.5509942,9
3870,6.9144826,0.37069795,0
3871,2.4907868,0.119998015,1
3872,0.52023447,0.29884544,2
3873,2.7075841,0.8456971,3
3874,0.11437075,0.60200447,4
3875,1.6457368,0.2819482,5
3876,1.841179,0.55561024,6
3877,4.2599115,0.04765775,7
3878,3.8414316,0.21188225,8
3879,1.4202143,0.6347631,9
3880,2.9735312,0.3505643,0
3881,2.3885906,0.5075714,1
3882,0.46200538,0.17653708,2
3883,2.456126,0.11898686,3
3884,0.239039,0.6849453,4
3885,1.4504776,0.10159155,5
3886,0.75424755,0.9342021,6
3887,4.298647,0.258002,7
3888,2.572324,0.6123794,8
3889,1.2638546,0.67375976,9
3890,5.5997987,0.68700856,0
3891,2.0533814,0.5397465,1
3892,0.7458511,0.2368718,2
3893,3.0621507,0.079027236,3
3894,0.28396848,0.51635385,4
3895,1.6301076,0.07508774,5
3896,1.9803307,0.1692584,6
3897,4.5191383,0.13849905,7
3898,2.5408058,0.73595506,8
3899,2.1345792,0.13200714,9
3900,4.26149,0.41866124,0
3901,2.4929068,0.2740153,1
3902,0.88971186,0.1449193,2
3903,2.1765957,0.80656177,3
3904,0.15328643,0.6762088,4
3905,1.9897794,0.11767822,5
3906,2.2833226,0.4770777,6
3907,4.3292203,0.079147324,7
3908,2.5865407,0.3108293,8
3909,1.313122,0.7150649,9
3910,3.5102608,0.34990877,0
3911,4.1475463,0.22943811,1
3912,0.4114288,0.36414936,2
3913,2.7267935,0.86573744,3
3914,0.2717668,0.85922056,4
3915,1.1063064,0.29803264,5
3916,0.67679316,0.6713294,6
3917,2.8626184,0.030129222,7
3918,1.574759,0.7572501,8
3919,0.9463441,0.861569,9
3920,5.9178185,0.30886605,0
3921,3.3711176,0.24785987,1
3922,0.3862412,0.50915647,2
3923,2.187553,0.95069265,3
3924,0.24558797,0.86194456,4
3925,1.3639171,0.2966989,5
3926,1.160125,0.8569703,6
3927,3.5002632,0.232649,7
3928,4.041678,0.24935816,8
3929,2.0828264,0.4464366,9
3930,3.3355591,0.90233666,0
3931,2.9242692,0.11215887,1
3932,0.689989,0.08297465,2
3933,4.2589,0.115053125,3
3934,0.16825941,0.72607946,4
3935,1.3512287,0.16493371,5
3936,1.5639352,0.83368045,6
3937,2.730218,0.211217,7
3938,3.731741,0.39282727,8
3939,1.5433544,0.22280519,9
3940,7.694479,0.2581901,0
3941,1.9066601,0.535195,1
3942,0.6618749,0.2921198,2
3943,3.6869016,0.1104977,3
3944,0.358292,0.98654604,4
3945,1.9835662,0.25374487,5
3946,1.3456769,0.70874035,6
3947,5.308319,0.03767602,7
3948,2.1576996,0.7328622,8
3949,1.7748022,0.69196594,9
3950,6.3465924,0.27059862,0
3951,3.0023046,0.38815004,1
3952,0.631616,0.45360985,2
3953,4.066361,0.25824,3
3954,0.20340376,0.5642166,4
3955,1.2378914,0.22743544,5
3956,2.7637901,0.69330007,6
3957,2.9493225,0.18663615,7
3958,3.3151975,0.25456524,8
3959,1.6921048,0.67463624,9
3960,3.3281784,0.047021106,0
3961,2.1720512,0.5547454,1
3962,0.37370956,0.7345868,2
3963,3.5272768,0.32885784,3
3964,0.15750432,0.6461797,4
3965,1.2276785,0.23960742,5
3966,3.5732868,0.35073167,6
3967,2.9505796,0.2667768,7
3968,2.2071257,0.4256546,8
3969,1.8037164,0.66904247,9
3970,4.162407,0.7913002,0
3971,2.2311893,0.79488784,1
3972,0.8404964,0.046830814,2
3973,2.006432,0.5501337,3
3974,0.51695323,0.8953003,4
3975,1.3788825,0.71505773,5
3976,1.2619567,0.5206222,6
3977,2.5896597,0.47584495,7
3978,1.716656,0.16264182,8
3979,1.4583516,0.44559923,9
3980,5.869301,0.8702652,0
3981,2.5216317,0.15950407,1
3982,0.5216886,0.29231432,2
3983,3.1889873,0.39676464,3
3984,0.284355,0.8846156,4
3985,1.285057,0.19303335,5
3986,2.2951179,0.9006804,6
3987,1.4453775,0.58789593,7
3988,2.4003317,0.103002876,8
3989,1.2893015,0.57525647,9
3990,3.4004421,0.35948202,0
3991,2.2561975,0.573585,1
3992,0.5516739,0.34095553,2
3993,3.6633313,0.7401417,3
3994,0.2397199,0.50568384,4
3995,2.1790378,0.31529465,5
3996,1.4606502,0.5829577,6
3997,4.3138323,0.31411028,7
3998,2.2537615,0.39470527,8
3999,1.5490044,0.20260604,9
4000,2.7075515,0.765869,0
4001,2.686589,0.5118022,1
4002,0.7060448,0.45730007,2
4003,3.4970846,0.9444548,3
4004,0.14754573,0.7388063,4
4005,1.1967288,0.4908156,5
4006,3.969382,0.4226326,6
4007,5.5185676,0.047756404,7
4008,1.8778073,0.6925241,8
4009,1.6614251,0.11980831,9
4010,4.1027584,0.4531698,0
4011,3.7882602,0.25569782,1
4012,0.47434986,0.43553257,2
4013,2.6267626,0.4202941,3
4014,0.3195303,0.7462291,4
4015,1.3405938,0.87284476,5
4016,1.46102,0.7684185,6
4017,3.652566,0.16231519,7
4018,4.046868,0.58770037,8
4019,2.7340686,0.17587143,9
4020,4.847607,0.5154487,0
4021,1.8391974,0.4217289,1
4022,0.6121371,0.5407824,2
4023,3.2317104,0.52673745,3
4024,0.20179236,0.15901671,4
4025,0.8997557,0.7444369,5
4026,2.1166906,0.7708899,6
4027,5.9670486,0.5743775,7
4028,3.1598165,0.37263492,8
4029,1.985905,0.8664649,9
4030,4.196972,0.57557356,0
4031,2.1028504,0.7697886,1
4032,0.60476863,0.08934556,2
4033,1.9009488,0.4030527,3
4034,0.18472485,0.8037864,4
4035,1.0654836,0.59985554,5
4036,3.7428803,0.21761647,6
4037,3.109013,0.36418942,7
4038,3.1080384,0.71948445,8
4039,1.8171781,0.45356658,9
4040,4.739502,0.5080273,0
4041,1.5424247,0.739537,1
4042,0.62159634,0.24276768,2
4043,1.4419494,0.8037705,3
4044,0.20449758,0.62007904,4
4045,0.96016735,0.46082643,5
4046,2.3999438,0.881033,6
4047,6.351271,0.16649133,7
4048,3.2080412,0.80980664,8
4049,1.3141137,0.2503007,9
4050,3.1163573,0.40813974,0
4051,2.2135,0.28019273,1
4052,0.87238485,0.11672698,2
4053,4.783412,0.6477828,3
4054,0.20861003,0.8418011,4
4055,1.8203927,0.77294576,5
4056,2.632114,0.8695433,6
4057,5.437232,0.29073387,7
4058,1.603905,0.5430428,8
4059,1.6941632,0.47943753,9
4060,6.2131567,0.3067111,0
4061,1.7316114,0.6478578,1
4062,0.32959372,0.55214924,2
4063,3.3584356,0.7295358,3
4064,0.12254324,0.22923452,4
4065,1.4121343,0.15574738,5
4066,3.327197,0.3775704,6
4067,3.456828,0.63592863,7
4068,2.6463084,0.40656483,8
4069,1.746362,0.3982598,9
4070,4.524193,0.26022914,0
4071,1.841337,0.31415161,1
4072,0.3074943,0.6629691,2
4073,3.6446822,0.43471226,3
4074,0.18287858,0.82825035,4
4075,0.8991953,0.44735464,5
4076,2.5771146,0.35514596,6
4077,1.5138502,0.23898618,7
4078,4.2837996,0.8103727,8
4079,1.0018973,0.22708197,9
4080,3.5072236,0.9160835,0
4081,1.8137223,0.31938383,1
4082,0.44471788,0.5236233,2
4083,2.6414397,0.4169934,3
4084,0.36640567,0.29874176,4
4085,2.1706471,0.37094146,5
4086,1.2264894,0.39397877,6
4087,4.7939954,0.51959604,7
4088,2.4519014,0.69167787,8
4089,1.5056872,0.24725516,9
4090,6.5479765,0.5148963,0
4091,2.053171,0.73146164,1
4092,0.4530648,0.3660192,2
4093,3.6486654,0.4946655,3
4094,0.33511066,0.803602,4
4095,1.7781851,0.31115395,5
4096,1.4060713,0.85841334,6
4097,4.974077,0.067777924,7
4098,3.022488,0.9177653,8
4099,2.212177,0.08706521,9
4100,3.29205,0.62492085,0
4101,1.2355376,0.5891565,1
4102,0.3690866,0.81263494,2
4103,5.0418463,0.30576244,3
4104,0.26192755,0.58974,4
4105,1.3285083,0.6959385,5
4106,1.5468235,0.6618725,6
4107,2.014082,0.13315131,7
4108,1.0447483,0.8605318,8
4109,1.3368647,0.32493716,9
4110,2.953023,0.543442,0
4111,2.3540897,0.6150106,1
4112,0.4298721,0.58107364,2
4113,2.25838,0.4389395,3
4114,0.28092593,0.6013677,4
4115,0.9394835,0.65392643,5
4116,1.1654593,0.93796223,6
4117,1.1183956,0.3297869,7
4118,4.1891456,0.6102412,8
4119,1.0382471,0.79084796,9
4120,4.5347843,0.20389083,0
4121,1.8804538,0.29087052,1
4122,0.70944977,0.29686806,2
4123,3.3034697,0.8092974,3
4124,0.29374743,0.76667875,4
4125,1.144157,0.22277378,5
4126,1.4124292,0.781239,6
4127,3.3477192,0.11337282,7
4128,3.5138626,0.6971615,8
4129,1.8955443,0.5785447,9
4130,3.4267015,0.7247149,0
4131,3.0068195,0.27944976,1
4132,0.39719877,0.3435016,2
4133,1.3382809,0.24460763,3
4134,0.15813723,0.89841425,4
4135,1.414376,0.03881372,5
4136,4.26931,0.4683651,6
4137,3.5984447,0.4859843,7
4138,3.6736205,0.5168674,8
4139,1.5592498,0.86383736,9
4140,4.827639,0.38118094,0
4141,2.4951391,0.42792007,1
4142,0.32115963,0.9303597,2
4143,2.360836,0.843017,3
4144,0.20348825,0.13928457,4
4145,1.6431547,0.3928347,5
4146,2.122881,0.8431746,6
4147,3.8172207,0.37821072,7
4148,1.6569417,0.5958911,8
4149,1.1456765,0.7071944,9
4150,5.9767866,0.19441652,0
4151,1.8238134,0.51194245,1
4152,0.54785544,0.2361822,2
4153,1.8903325,0.95970404,3
4154,0.15074667,0.5988582,4
4155,1.130182,0.4529982,5
4156,3.1790838,0.32661128,6
4157,4.5017076,0.16037095,7
4158,2.3063295,0.8640836,8
4159,2.5210702,0.0665579,9
4160,2.661666,0.4962278,0
4161,2.6367772,0.6542246,1
4162,0.5429075,0.31791618,2
4163,2.8960166,0.14116031,3
4164,0.15189563,0.18188488,4
4165,1.788361,0.37424472,5
4166,1.3701223,0.95211625,6
4167,4.6316185,0.051486164,7
4168,1.9347315,0.8535957,8
4169,1.5075524,0.34362072,9
4170,5.482152,0.15051158,0
4171,2.4188685,0.46321118,1
4172,0.38531733,0.46689087,2
4173,3.7108657,0.49169385,3
4174,0.112640865,0.29815495,4
4175,1.2897164,0.64073104,5
4176,2.6566038,0.8701789,6
4177,3.281484,0.07128151,7
4178,1.8653917,0.6494225,8
4179,1.806065,0.59197176,9
4180,4.9490557,0.8578958,0
4181,1.7545949,0.7746193,1
4182,0.58168757,0.19458482,2
4183,3.4075708,0.4553622,3
4184,0.19505498,0.8471,4
4185,1.3094292,0.16262752,5
4186,2.1692271,0.7006542,6
4187,1.3166423,0.6824915,7
4188,4.100626,0.25048345,8
4189,1.9526519,0.0983741,9
4190,3.2034466,0.62876606,0
4191,2.9034295,0.21785714,1
4192,0.5870785,0.45406887,2
4193,2.4332082,0.33630452,3
4194,0.32137677,0.95757455,4
4195,1.7322686,0.3005724,5
4196,1.14976,0.41871324,6
4197,3.637169,0.55742323,7
4198,2.797275,0.39004728,8
4199,1.277143,0.53758913,9
4200,4.878282,0.74734074,0
4201,2.3913398,0.4254594,1
4202,0.7858083,0.14938009,2
4203,4.0299745,0.5255046,3
4204,0.19942167,0.7772787,4
4205,1.7082304,0.21226983,5
4206,2.0033984,0.6768894,6
4207,4.053121,0.18612804,7
4208,2.6082845,0.18888924,8
4209,1.081605,0.7064183,9
4210,5.5430484,0.29353738,0
4211,2.778323,0.47041458,1
4212,0.37846282,0.43521965,2
4213,3.023956,0.18651596,3
4214,0.25850213,0.62828815,4
4215,1.1697923,0.6758556,5
4216,1.2801315,0.6965245,6
4217,3.8136144,0.30860233,7
4218,2.016886,0.2667291,8
4219,1.025653,0.27546707,9
4220,3.265288,0.66924286,0
4221,1.7130136,0.94043493,1
4222,0.52847576,0.3327845,2
4223,3.4851713,0.12347778,3
4224,0.11459464,0.32936722,4
4225,1.1636069,0.7632043,5
4226,2.4974146,0.7107779,6
4227,4.042681,0.096318856,7
4228,2.224915,0.87960887,8
4229,1.4435508,0.70987666,9
4230,2.8915482,0.4336993,0
4231,1.6577475,0.4892896,1
4232,0.4331203,0.18957299,2
4233,3.0027084,0.1395472,3
4234,0.2901249,0.8281976,4
4235,1.7426867,0.37208515,5
4236,2.138745,0.8824637,6
4237,3.440013,0.097440585,7
4238,3.370647,0.66682357,8
4239,1.3273344,0.68355215,9
4240,2.367685,0.20290558,0
4241,3.2231858,0.14884764,1
4242,0.8053571,0.10188143,2
4243,1.718074,0.64466417,3
4244,0.22884807,0.6482177,4
4245,1.315876,0.12198946,5
4246,0.8292959,0.8995514,6
4247,2.7667842,0.5032709,7
4248,2.4540231,0.22296952,8
4249,2.3468103,0.2810464,9
4250,6.612821,0.6528247,0
4251,1.805505,0.51509887,1
4252,0.66663015,0.10262957,2
4253,4.3418746,0.33451873,3
4254,0.4485071,0.97377115,4
4255,1.7072206,0.16947332,5
4256,0.8710922,0.8944452,6
4257,0.95794237,0.57496744,7
4258,3.0540965,0.48294201,8
4259,1.3802307,0.55871755,9
4260,5.8388577,0.73181593,0
4261,1.8156216,0.31413373,1
4262,0.5250481,0.5317425,2
4263,2.587472,0.83834136,3
4264,0.15948334,0.858936,4
4265,1.4976046,0.48581553,5
4266,3.145975,0.43275797,6
4267,3.643072,0.1097057,7
4268,2.6941717,0.39439443,8
4269,2.014046,0.61236495,9
4270,4.2390833,0.33159375,0
4271,1.3557944,0.8373728,1
4272,0.4382856,0.64777476,2
4273,3.816707,0.32510284,3
4274,0.17827928,0.6885478,4
4275,1.0691223,0.9730684,5
4276,1.2124909,0.8631703,6
4277,6.3437796,0.33343497,7
4278,2.4304464,0.6627126,8
4279,1.1884694,0.7426173,9
4280,2.7450228,0.6155328,0
4281,2.4911823,0.2717502,1
4282,0.37809557,0.49545798,2
4283,3.2023726,0.24857606,3
4284,0.35237545,0.90587556,4
4285,1.9891018,0.47953165,5
4286,4.2914195,0.6072048,6
4287,2.9920921,0.272711,7
4288,1.7719816,0.64794177,8
4289,1.2673368,0.1976932,9
4290,6.487399,0.58433133,0
4291,1.6821097,0.3269903,1
4292,0.3883195,0.7258697,2
4293,3.7034788,0.15660243,3
4294,0.2505025,0.49074394,4
4295,1.3634794,0.78147185,5
4296,1.7339139,0.40026122,6
4297,3.4373367,0.22568902,7
4298,2.2587883,0.13423207,8
4299,0.9690335,0.8265453,9
4300,5.2317667,0.25233445,0
4301,2.1074214,0.36005265,1
4302,0.8410364,0.44303,2
4303,3.6339064,0.40053034,3
4304,0.30655864,0.6642743,4
4305,1.105242,0.6091152,5
4306,1.7567784,0.84675115,6
4307,3.5790288,0.5138187,7
4308,3.5468698,0.7220284,8
4309,1.5795393,0.5078439,9
4310,6.0175962,0.16523552,0
4311,1.9208093,0.09216743,1
4312,0.5733581,0.35172734,2
4313,1.8848361,0.5632779,3
4314,0.26687148,0.82555103,4
4315,0.7939751,0.87980396,5
4316,1.9342487,0.32168174,6
4317,2.9952073,0.09027872,7
4318,1.7940115,0.7483689,8
4319,1.7813654,0.5232643,9
4320,4.6846666,0.7481459,0
4321,1.6840246,0.7683164,1
4322,0.27515212,0.74328876,2
4323,3.3577724,0.37169316,3
4324,0.28841576,0.8004669,4
4325,1.5591366,0.6495695,5
4326,2.01007,0.5089569,6
4327,4.86665,0.20896052,7
4328,1.7809596,0.57454413,8
4329,1.3305527,0.79752874,9
4330,5.5777907,0.81932783,0
4331,2.7519152,0.06454885,1
4332,0.2936402,0.8061007,2
4333,2.850892,0.6209895,3
4334,0.1295058,0.51903635,4
4335,1.6684974,0.4324582,5
4336,3.025381,0.49170595,6
4337,2.3279502,0.31372485,7
4338,3.7014148,0.06360379,8
4339,1.0650287,0.25624982,9
4340,1.869981,0.8141835,0
4341,1.9392674,0.5917358,1
4342,0.559969,0.3542687,2
4343,4.2221622,0.15499815,3
4344,0.28636503,0.22347797,4
4345,1.4138775,0.24191868,5
4346,1.6172864,0.44160274,6
4347,3.1409197,0.17605975,7
4348,2.8881593,0.31776464,8
4349,1.1636037,0.41325897,9
4350,2.0271492,0.76073605,0
4351,1.7717444,0.48253363,1
4352,0.43042526,0.12517518,2
4353,5.112241,0.47906262,3
4354,0.118008524,0.31575134,4
4355,1.4489379,0.18618266,5
4356,1.9937861,0.5809763,6
4357,4.5619197,0.21204251,7
4358,3.7597992,0.14268667,8
4359,1.3335567,0.2566018,9
4360,4.292545,0.7253886,0
4361,2.037902,0.60376114,1
4362,0.4230818,0.7079995,2
4363,4.0202622,0.5216704,3
4364,0.28093907,0.6625284,4
4365,1.6162902,0.45544776,5
4366,2.2780857,0.22011405,6
4367,2.0947065,0.8246223,7
4368,3.8130355,0.3087191,8
4369,1.8963468,0.26892048,9
4370,5.406337,0.80176276,0
4371,1.56614,0.8729316,1
4372,0.7614297,0.12621836,2
4373,2.9872212,0.8347447,3
4374,0.28375268,0.13844317,4
4375,1.3300563,0.102198936,5
4376,1.2891902,0.2030147,6
4377,1.2256649,0.68074715,7
4378,4.063843,0.78520685,8
4379,1.3348365,0.4231282,9
4380,5.8305335,0.70318735,0
4381,2.9524865,0.7677169,1
4382,0.54856414,0.12737261,2
4383,2.0295558,0.47425923,3
4384,0.24361439,0.6644419,4
4385,1.3155494,0.6942614,5
4386,5.4214954,0.80716044,6
4387,4.800968,0.121382944,7
4388,2.075496,0.23565656,8
4389,1.6701366,0.338217,9
4390,7.1833763,0.3314735,0
4391,1.6043353,0.5475758,1
4392,0.41938934,0.40149847,2
4393,3.7014115,0.5987124,3
4394,0.2789824,0.45361766,4
4395,1.1556836,0.7235605,5
4396,3.2647228,0.4582808,6
4397,3.2370317,0.17435203,7
4398,3.2465897,0.28703403,8
4399,0.9871768,0.8744984,9
4400,2.7453241,0.8067624,0
4401,3.1520152,0.097604886,1
4402,0.38474444,0.4245271,2
4403,4.264041,0.15747102,3
4404,0.15085226,0.22903776,4
4405,1.2779945,0.8729406,5
4406,1.6958188,0.56749076,6
4407,3.0136514,0.31690097,7
4408,3.395836,0.62104905,8
4409,1.6162112,0.43355626,9
4410,4.261062,0.4964986,0
4411,2.9317257,0.04793821,1
4412,0.39724052,0.316269,2
4413,2.1428201,0.8947119,3
4414,0.36826235,0.59473705,4
4415,1.2959764,0.17171991,5
4416,1.7114928,0.7778852,6
4417,4.7551103,0.2825691,7
4418,1.8567361,0.8045424,8
4419,1.357641,0.3829035,9
4420,4.4769373,0.7024391,0
4421,2.0495968,0.59812075,1
4422,0.3215168,0.522677,2
4423,2.3578405,0.14779471,3
4424,0.2504507,0.70666176,4
4425,1.3135241,0.6389833,5
4426,2.023249,0.27879637,6
4427,3.862761,0.3075698,7
4428,2.5741293,0.4264188,8
4429,1.5403948,0.32732418,9
4430,6.481904,0.32949707,0
4431,3.1053834,0.83060116,1
4432,0.4450408,0.5411749,2
4433,5.4775295,0.3780196,3
4434,0.16357957,0.24270786,4
4435,1.638526,0.112483114,5
4436,1.8624825,0.6768381,6
4437,2.7028463,0.22697057,7
4438,3.2373521,0.61737025,8
4439,1.9512599,0.29549015,9
4440,2.9055998,0.46663657,0
4441,3.2362149,0.14619362,1
4442,0.50942594,0.57738286,2
4443,3.166376,0.3472694,3
4444,0.13892871,0.7633869,4
4445,1.12539,0.90887165,5
4446,3.8428164,0.18418972,6
4447,3.1448736,0.40402555,7
4448,3.319008,0.7587194,8
4449,1.192427,0.5293133,9
4450,3.6002636,0.40825197,0
4451,2.8734484,0.08485816,1
4452,0.5631201,0.23936512,2
4453,1.3120816,0.62355644,3
4454,0.3047502,0.93136746,4
4455,1.8623127,0.18047142,5
4456,2.5122771,0.54720634,6
4457,5.252158,0.22501177,7
4458,4.4152317,0.8754276,8
4459,1.7395843,0.12111388,9
4460,6.6776953,0.2587313,0
4461,1.7346861,0.33879653,1
4462,0.6804889,0.14693838,2
4463,1.8385077,0.23087199,3
4464,0.20258665,0.5615506,4
4465,1.3724285,0.70507854,5
4466,2.7320743,0.59733784,6
4467,3.380105,0.37378693,7
4468,2.6894345,0.3056044,8
4469,0.8996867,0.65875894,9
4470,6.18303,0.55216056,0
4471,1.9776871,0.7926314,1
4472,0.50551265,0.29673597,2
4473,1.8677123,0.48363876,3
4474,0.10886527,0.3690109,4
4475,1.7516624,0.13207452,5
4476,1.2955294,0.89375925,6
4477,4.065561,0.23950109,7
4478,1.9531951,0.4267356,8
4479,1.789233,0.4820353,9
4480,5.9921026,0.5148762,0
4481,2.2061248,0.5649805,1
4482,0.5652758,0.1221556,2
4483,3.5493848,0.45913634,3
4484,0.27926075,0.8297334,4
4485,1.4282252,0.24662288,5
4486,2.0516503,0.68299234,6
4487,3.6152723,0.07345072,7
4488,1.8729222,0.54276025,8
4489,1.5135012,0.6667541,9
4490,6.2868886,0.87305087,0
4491,0.9714471,0.94698083,1
4492,0.4877227,0.43292323,2
4493,3.714876,0.20318767,3
4494,0.3474769,0.74442613,4
4495,1.5398842,0.61724675,5
4496,0.7700675,0.42965463,6
4497,3.1211116,0.22894625,7
4498,3.5857532,0.5558862,8
4499,1.4554261,0.8803414,9
4500,6.0298376,0.5670483,0
4501,2.3758988,0.34932947,1
4502,0.34452233,0.7583038,2
4503,1.8942797,0.56071115,3
4504,0.20832188,0.6810095,4
4505,1.4363332,0.70729053,5
4506,2.7050028,0.52647966,6
4507,3.025874,0.12867866,7
4508,3.1159549,0.505854,8
4509,1.027533,0.71076006,9
4510,4.123028,0.21477628,0
4511,3.5702622,0.21120404,1
4512,0.30955106,0.78710943,2
4513,3.8216524,0.8944475,3
4514,0.23397171,0.65603447,4
4515,1.5203215,0.75087094,5
4516,1.8400104,0.7198487,6
4517,5.197323,0.054721415,7
4518,2.6711783,0.5368112,8
4519,0.92299974,0.7384023,9
4520,4.6447496,0.8013246,0
4521,2.0439918,0.7420034,1
4522,0.41573897,0.43367895,2
4523,2.481095,0.08972827,3
4524,0.27801237,0.8505681,4
4525,1.4000409,0.24917115,5
4526,2.9566061,0.2203794,6
4527,2.98553,0.31880888,7
4528,3.3989,0.606231,8
4529,1.2338197,0.3896208,9
4530,4.001047,0.86335593,0
4531,2.5022922,0.06711302,1
4532,0.8088597,0.3728554,2
4533,2.581526,0.34334493,3
4534,0.22604805,0.17716907,4
4535,1.0156455,0.2734729,5
4536,1.9613923,0.5628103,6
4537,3.636353,0.25409982,7
4538,3.1713927,0.49057105,8
4539,1.959784,0.3056523,9
4540,4.8208,0.72546124,0
4541,2.20659,0.23708254,1
4542,0.34733474,0.6876364,2
4543,4.597737,0.560046,3
4544,0.24140126,0.7660657,4
4545,1.540281,0.79746974,5
4546,2.5098882,0.30226475,6
4547,1.9836427,0.04499469,7
4548,1.7413089,0.82669586,8
4549,1.412062,0.8664405,9
4550,3.9891994,0.92501676,0
4551,2.2270343,0.32469055,1
4552,0.6132887,0.24810518,2
4553,3.3195453,0.5996728,3
4554,0.22595218,0.83611184,4
4555,1.4864044,0.70142996,5
4556,1.6675327,0.9473719,6
4557,2.383753,0.33699703,7
4558,2.727931,0.40820414,8
4559,1.4474775,0.2845079,9
4560,5.3300886,0.69777876,0
4561,1.0857714,0.65484893,1
4562,0.44957852,0.21671398,2
4563,4.1251087,0.3320772,3
4564,0.23178889,0.5907251,4
4565,1.1160768,0.41297022,5
4566,1.5807629,0.81171197,6
4567,2.2802453,0.49684432,7
4568,1.3340106,0.2937754,8
4569,1.4583068,0.21372674,9
4570,5.4832344,0.46099582,0
4571,1.3677849,0.38224778,1
4572,0.5883125,0.19517449,2
4573,3.674716,0.5256465,3
4574,0.10263495,0.2556734,4
4575,1.8620386,0.20514414,5
4576,2.6001692,0.13747948,6
4577,3.606269,0.10791967,7
4578,3.4170218,0.44584715,8
4579,1.8399287,0.34319466,9
4580,2.6924558,0.6671391,0
4581,2.0892591,0.42584616,1
4582,0.5378155,0.34172735,2
4583,2.6543193,0.40366662,3
4584,0.23783572,0.11519682,4
4585,1.2167505,0.86597127,5
4586,1.3196849,0.52651805,6
4587,2.821392,0.3144101,7
4588,2.7456765,0.37079927,8
4589,2.2134995,0.047657367,9
4590,6.7438498,0.5432061,0
4591,1.7355578,0.56710535,1
4592,0.307948,0.37521005,2
4593,2.0191958,0.8314443,3
4594,0.2847548,0.69902295,4
4595,1.851721,0.69894344,5
4596,1.6110575,0.73304313,6
4597,4.4845476,0.30135706,7
4598,2.9141016,0.67824525,8
4599,1.5219512,0.5887162,9
4600,7.1967115,0.6026149,0
4601,1.6520696,0.46563375,1
4602,0.3434564,0.50343794,2
4603,3.2807364,0.36496818,3
4604,0.2566355,0.9040669,4
4605,1.5104253,0.2012866,5
4606,3.2729447,0.6452503,6
4607,4.7671537,0.36029124,7
4608,1.9816079,0.9109335,8
4609,1.5530597,0.38461596,9
4610,4.4229407,0.64279646,0
4611,3.0556674,0.056169834,1
4612,0.6196345,0.06451219,2
4613,3.8376932,0.6087801,3
4614,0.1401817,0.59083736,4
4615,1.4388647,0.78624123,5
4616,1.3017967,0.567698,6
4617,2.10584,0.42253718,7
4618,2.076681,0.5490616,8
4619,2.20717,0.5811351,9
4620,5.7395406,0.72371155,0
4621,2.6597347,0.6139923,1
4622,0.62696403,0.111978985,2
4623,3.3210177,0.6623555,3
4624,0.20002547,0.58498394,4
4625,1.2918032,0.7873071,5
4626,2.3841963,0.21739365,6
4627,3.3106775,0.19326763,7
4628,4.312101,0.40214777,8
4629,2.4184716,0.62389016,9
4630,4.165594,0.65116704,0
4631,1.1808405,0.27252313,1
4632,0.39415124,0.64934355,2
4633,4.4953613,0.22104122,3
4634,0.222182,0.72922516,4
4635,1.6184319,0.36800584,5
4636,3.1767175,0.519571,6
4637,4.5117226,0.18680638,7
4638,2.6529849,0.8795167,8
4639,1.7754848,0.044339903,9
4640,2.5585155,0.28523722,0
4641,1.6104537,0.42312685,1
4642,0.42288262,0.2184368,2
4643,1.405785,0.7637417,3
4644,0.23712157,0.25779992,4
4645,1.3155389,0.35936776,5
4646,1.4003623,0.23440155,6
4647,2.4960086,0.46096167,7
4648,2.3724718,0.5193606,8
4649,2.1701605,0.31007558,9
4650,3.9777036,0.3619157,0
4651,1.6444714,0.8301571,1
4652,0.7220917,0.3908699,2
4653,3.4619145,0.3578779,3
4654,0.17841125,0.7382916,4
4655,1.0501515,0.7054033,5
4656,2.3663661,0.2534098,6
4657,6.085015,0.5421615,7
4658,2.055657,0.6975989,8
4659,1.667583,0.9006947,9
4660,4.975546,0.23409858,0
4661,2.2811058,0.8822595,1
4662,0.5789251,0.35261515,2
4663,5.582,0.037752442,3
4664,0.2036297,0.502653,4
4665,0.995702,0.79279023,5
4666,1.8972418,0.6247317,6
4667,3.9326575,0.34550244,7
4668,2.7720275,0.5035855,8
4669,1.5964198,0.028818574,9
4670,4.580456,0.38541007,0
4671,1.6498427,0.6974441,1
4672,0.4522841,0.4472955,2
4673,3.0859995,0.84763724,3
4674,0.14533395,0.37115824,4
4675,1.3499763,0.37676555,5
4676,1.6886661,0.638679,6
4677,3.9757204,0.192599,7
4678,2.110756,0.5966045,8
4679,2.778432,0.1628948,9
4680,6.1927986,0.19334954,0
4681,2.17635,0.110130444,1
4682,0.85361946,0.16435994,2
4683,3.4061666,0.45090282,3
4684,0.15439318,0.737175,4
4685,2.2639005,0.09298777,5
4686,2.7047288,0.738757,6
4687,3.014548,0.30515218,7
4688,2.860856,0.43809116,8
4689,1.2689941,0.67399645,9
4690,3.2304144,0.23775256,0
4691,2.0904775,0.5434321,1
4692,0.42880684,0.5466246,2
4693,1.9190238,0.46227986,3
4694,0.36724752,0.85839856,4
4695,1.2121353,0.56525457,5
4696,1.7694746,0.5718269,6
4697,5.2668133,0.065687604,7
4698,2.6650205,0.6829807,8
4699,2.8489912,0.17663702,9
4700,4.3475084,0.8243811,0
4701,2.477643,0.07904148,1
4702,0.46180892,0.40091956,2
4703,2.729136,0.08400375,3
4704,0.14880583,0.7085849,4
4705,1.8293087,0.6052281,5
4706,1.4568125,0.57251954,6
4707,2.2105148,0.04747937,7
4708,1.4195881,0.8578988,8
4709,1.9831219,0.22583868,9
4710,2.2813883,0.84089273,0
4711,2.6583362,0.916752,1
4712,0.7059579,0.1345297,2
4713,2.7968059,0.39891666,3
4714,0.11822916,0.286577,4
4715,1.5730932,0.03234366,5
4716,1.1818833,0.7395748,6
4717,3.8171434,0.26130736,7
4718,3.4529212,0.46204218,8
4719,1.7746025,0.40553263,9
4720,3.4134629,0.7475588,0
4721,2.5002332,0.5491283,1
4722,0.52834564,0.1042523,2
4723,3.6711369,0.44183594,3
4724,0.16125819,0.50940454,4
4725,1.2069964,0.5632991,5
4726,2.3752189,0.75974476,6
4727,4.897718,0.48073256,7
4728,2.7564201,0.7984548,8
4729,1.4130063,0.54497236,9
4730,3.994045,0.8212496,0
4731,2.4676714,0.05904785,1
4732,0.51810086,0.25097042,2
4733,1.5203106,0.931523,3
4734,0.45511037,0.8169328,4
4735,1.3499844,0.22944358,5
4736,4.3845725,0.5691593,6
4737,2.2029927,0.54293376,7
4738,2.3301182,0.7354753,8
4739,1.436264,0.29687414,9
4740,4.6054835,0.4453313,0
4741,2.3749187,0.54222625,1
4742,0.38022473,0.6287341,2
4743,2.345652,0.32862583,3
4744,0.21729463,0.39534706,4
4745,1.8069042,0.56396556,5
4746,2.434954,0.8584785,6
4747,3.983427,0.2441697,7
4748,2.9705539,0.17328112,8
4749,1.7134871,0.09120018,9
4750,3.3016267,0.6501542,0
4751,2.0682397,0.47133377,1
4752,0.44510138,0.26926476,2
4753,2.8826842,0.6380265,3
4754,0.31561044,0.72283745,4
4755,1.5138295,0.2617271,5
4756,3.9717462,0.094248235,6
4757,3.461454,0.75823843,7
4758,2.7927911,0.73250145,8
4759,1.1520281,0.56367713,9
4760,5.211031,0.55574054,0
4761,2.6256642,0.05060612,1
4762,0.31309235,0.68358254,2
4763,2.610652,0.7590809,3
4764,0.34153834,0.72931105,4
4765,1.3595511,0.3630981,5
4766,1.3191254,0.782858,6
4767,3.3291137,0.10169721,7
4768,1.5977962,0.6929471,8
4769,1.7601373,0.89007396,9
4770,5.6820083,0.551077,0
4771,2.3607438,0.3581927,1
4772,0.7518821,0.18047808,2
4773,3.2121344,0.4329951,3
4774,0.2971056,0.72744644,4
4775,1.5559192,0.6165144,5
4776,2.8083432,0.75257176,6
4777,3.7280347,0.36213073,7
4778,2.4031065,0.6243334,8
4779,1.0921205,0.41065648,9
4780,4.471352,0.42456037,0
4781,2.4232059,0.33167857,1
4782,0.30368283,0.67827916,2
4783,2.5238218,0.6992828,3
4784,0.35312533,0.9262974,4
4785,1.1239151,0.96443784,5
4786,1.4443969,0.8706852,6
4787,7.2303476,0.11023889,7
4788,2.851919,0.5466811,8
4789,1.7955947,0.48208064,9
4790,5.2238374,0.40658298,0
4791,1.7252086,0.7000697,1
4792,0.58029896,0.16391064,2
4793,3.86683,0.18648945,3
4794,0.09062893,0.035231292,4
4795,1.0827687,0.13759238,5
4796,1.5572482,0.789412,6
4797,1.9035763,0.10834851,7
4798,2.677187,0.47591716,8
4799,1.2612453,0.5396359,9
4800,4.8237853,0.3267819,0
4801,1.4918555,0.4475535,1
4802,0.46413195,0.7008815,2
4803,2.4138968,0.7399099,3
4804,0.26238325,0.80543995,4
4805,1.2695159,0.8178743,5
4806,1.3581215,0.98000735,6
4807,2.2219713,0.46695918,7
4808,2.6853805,0.7670269,8
4809,1.9268335,0.21724673,9
4810,6.62113,0.08563668,0
4811,2.1212072,0.3195859,1
4812,0.6680047,0.071642496,2
4813,3.7655604,0.8039304,3
4814,0.23798367,0.6105532,4
4815,2.6341293,0.12852852,5
4816,1.2976724,0.8549074,6
4817,3.850832,0.73392814,7
4818,4.4298162,0.5252314,8
4819,1.4691632,0.28504667,9
4820,5.1158137,0.3079993,0
4821,3.18594,0.22828828,1
4822,0.3543135,0.39695114,2
4823,3.7573314,0.119182125,3
4824,0.21521175,0.17861007,4
4825,1.4214191,0.18204048,5
4826,1.8243806,0.87995404,6
4827,2.5933971,0.08103759,7
4828,1.8522992,0.28609747,8
4829,1.9941556,0.6394738,9
4830,6.859643,0.1688753,0
4831,1.8693913,0.4915634,1
4832,0.5303086,0.60291135,2
4833,4.229625,0.7348399,3
4834,0.16743267,0.5485407,4
4835,1.0003729,0.9153666,5
4836,1.6461121,0.7455195,6
4837,4.2933645,0.33024183,7
4838,3.0153704,0.64689076,8
4839,1.6181872,0.04022592,9
4840,6.310067,0.1418344,0
4841,2.2971048,0.81485784,1
4842,0.70140934,0.617024,2
4843,4.1122994,0.4697619,3
4844,0.29427883,0.66867673,4
4845,1.2864554,0.47881725,5
4846,2.3024216,0.79792213,6
4847,5.4436135,0.05144333,7
4848,1.9792032,0.26691073,8
4849,1.2303836,0.38725126,9
4850,4.2965508,0.51291955,0
4851,2.175725,0.5377492,1
4852,0.569002,0.11613671,2
4853,3.3590689,0.12898786,3
4854,0.22010945,0.504321,4
4855,2.097607,0.39404863,5
4856,2.099264,0.66742796,6
4857,2.4732945,0.22773837,7
4858,2.4242632,0.59109104,8
4859,0.9723381,0.81764704,9
4860,6.8042345,0.606637,0
4861,2.0002775,0.53101885,1
4862,0.47618538,0.15830843,2
4863,1.526249,0.83597815,3
4864,0.21580301,0.14947999,4
4865,1.1504209,0.6990516,5
4866,2.911726,0.07407345,6
4867,6.431406,0.36672568,7
4868,2.9859903,0.6893304,8
4869,1.3106364,0.52559984,9
4870,4.560604,0.8503616,0
4871,1.8424379,0.35504353,1
4872,0.45463884,0.23963417,2
4873,2.8154395,0.6731654,3
4874,0.2654237,0.7820466,4
4875,1.4837253,0.50655633,5
4876,1.9160559,0.8017582,6
4877,1.5989293,0.18329413,7
4878,2.2627447,0.7388621,8
4879,1.2683959,0.54869914,9
4880,3.1535208,0.3857506,0
4881,1.5030421,0.8978143,1
4882,0.41528377,0.7214305,2
4883,3.5737386,0.40975213,3
4884,0.18312472,0.5999906,4
4885,1.3635254,0.82035345,5
4886,2.1383338,0.84924763,6
4887,3.80067,0.047381062,7
4888,1.9681652,0.5935205,8
4889,1.3904597,0.28855476,9
4890,7.709315,0.052193586,0
4891,2.2999027,0.3717667,1
4892,0.5222296,0.29620352,2
4893,4.2683897,0.23324654,3
4894,0.20155144,0.6947517,4
4895,1.3024651,0.50823426,5
4896,1.3199611,0.7763906,6
4897,2.897527,0.14430417,7
4898,3.6226864,0.3930954,8
4899,0.7784832,0.47743264,9
4900,4.1488233,0.5736002,0
4901,2.175255,0.18487957,1
4902,0.5148386,0.1431765,2
4903,3.746656,0.47536373,3
4904,0.19615144,0.31629166,4
4905,1.3308425,0.7071277,5
4906,2.3243406,0.69169766,6
4907,5.874962,0.23452725,7
4908,1.1888396,0.8645018,8
4909,1.618233,0.38528365,9
4910,4.7118278,0.1269473,0
4911,3.4664712,0.1108454,1
4912,0.5537821,0.16304559,2
4913,2.4066274,0.7603161,3
4914,0.32836312,0.89280194,4
4915,1.2164079,0.21497367,5
4916,3.17569,0.59949595,6
4917,7.036687,0.083059534,7
4918,2.9073915,0.45026842,8
4919,1.7491966,0.34004077,9
4920,3.1181622,0.57422715,0
4921,3.0431728,0.17256849,1
4922,0.4029475,0.36816165,2
4923,2.8772922,0.5478473,3
4924,0.19221503,0.37662175,4
4925,0.9064316,0.7808108,5
4926,1.2670933,0.2247189,6
4927,6.248664,0.20720436,7
4928,2.5870132,0.62470496,8
4929,1.8939942,0.20605382,9
4930,5.710908,0.38259465,0
4931,1.9339983,0.41427684,1
4932,0.32919687,0.317725,2
4933,2.214724,0.49771735,3
4934,0.2540688,0.84083694,4
4935,0.7907381,0.6971987,5
4936,1.3303839,0.8693769,6
4937,3.6409328,0.7431077,7
4938,2.1929126,0.6150233,8
4939,1.4471552,0.6535892,9
4940,3.8818846,0.6487708,0
4941,1.6972177,0.75275403,1
4942,0.39360797,0.7715003,2
4943,4.663935,0.6881615,3
4944,0.30286628,0.4500358,4
4945,1.639964,0.611984,5
4946,2.0421264,0.5835084,6
4947,6.207204,0.0155882845,7
4948,3.7461138,0.59545535,8
4949,1.0373161,0.66492146,9
4950,3.6855679,0.37381843,0
4951,2.0251174,0.44890404,1
4952,0.7067423,0.43376756,2
4953,3.4860358,0.69538474,3
4954,0.26504597,0.6494493,4
4955,1.2840384,0.35982317,5
4956,2.798266,0.34711197,6
4957,2.9434538,0.05572519,7
4958,2.7753317,0.51766545,8
4959,1.7272526,0.51549166,9
4960,7.216218,0.2839601,0
4961,2.6318095,0.53756285,1
4962,0.8921324,0.051507834,2
4963,2.8619816,0.4841921,3
4964,0.21719201,0.3858065,4
4965,1.7734153,0.46199074,5
4966,1.2794056,0.77514523,6
4967,2.0974746,0.60058045,7
4968,3.0270526,0.09468769,8
4969,0.8798108,0.48903584,9
4970,3.8807998,0.5351804,0
4971,2.5274398,0.27770254,1
4972,0.36818397,0.51744896,2
4973,3.7106209,0.3194105,3
4974,0.29637772,0.8822001,4
4975,1.5406847,0.17554575,5
4976,1.6677107,0.34508613,6
4977,5.843026,0.066983655,7
4978,2.9649916,0.7681429,8
4979,1.2430873,0.7524884,9
4980,4.7915173,0.22294195,0
4981,1.8183504,0.5730531,1
4982,0.7194013,0.25003394,2
4983,2.7616444,0.22126263,3
4984,0.14970434,0.8589107,4
4985,0.8531964,0.48953676,5
4986,3.8469908,0.16902284,6
4987,2.0635555,0.5883592,7
4988,1.919524,0.34246787,8
4989,2.7239175,0.03424401,9
4990,4.253354,0.44350126,0
4991,1.3373973,0.70161736,1
4992,0.5169894,0.2082496,2
4993,4.235257,0.55369645,3
4994,0.24314183,0.8161488,4
4995,1.3702021,0.42838186,5
4996,1.5939443,0.36042958,6
4997,3.9771104,0.30967638,7
4998,1.744324,0.722836,8
4999,1.431004,0.61679035,9
